32
1 1 0 2 0 0 0 0 0 0 0 0 0 0 0 0 2 2 0 0 0 2 2 0 0 0 2 0 0 0 0 0
32
0 0 2 2 0 0 2 0 0 0 0 2 2 0 0 1 0 0 0 0 0 0 0 0 0 0 0 0 0 0 2 1
32
0 2 2 0 0 0 0 0 0 2 0 0 0 0 0 0 0 0 0 0 0 1 1 0 0 0 0 0 0 2 2 2
32
0 0 0 0 1 0 0 0 0 1 0 0 2 0 0 0 0 0 0 0 0 2 2 2 0 0 0 2 0 2 0 0
32
2 0 0 2 0 0 0 0 0 0 0 0 0 0 0 0 0 0 0 0 1 0 0 0 0 0 1 0 2 2 2 2
32
0 0 2 0 0 0 2 0 0 0 0 1 2 1 0 0 0 0 0 0 0 0 0 0 2 2 0 0 0 0 0 2
32
0 0 0 0 0 2 2 2 0 2 0 0 0 0 0 0 0 0 0 0 0 0 1 2 0 0 1 2 0 0 0 0
32
0 0 2 0 0 0 0 0 2 0 2 0 0 0 1 0 2 0 0 1 2 2 0 0 0 0 0 0 0 0 0 0
32
0 0 1 0 0 2 0 0 0 0 0 0 0 2 0 0 2 0 0 0 0 0 1 0 2 0 0 0 2 0 0 2
32
0 2 0 1 0 0 0 2 0 2 0 0 0 0 0 2 0 0 0 2 0 2 0 0 0 0 0 0 0 0 1 0
0
