28
1 0 0 1 0 1 0 2 1 2 2 1 1 0 0 0 0 1 0 1 1 0 0 0 0 0 0 0
28
1 1 0 1 2 0 0 0 1 2 0 0 0 1 0 0 1 0 1 1 0 0 0 1 0 2 0 0
28
0 0 2 2 0 1 1 1 0 1 0 2 0 0 0 0 1 0 1 1 0 0 1 0 1 0 0 0
28
0 0 0 1 0 1 1 0 1 1 0 1 1 1 2 1 0 0 0 2 0 0 0 0 0 0 2 0
28
0 0 0 1 2 2 1 1 1 0 0 0 0 1 2 0 0 0 0 0 0 0 1 1 1 0 1 0
28
1 1 0 0 1 0 1 0 0 1 1 2 2 0 0 0 0 0 2 0 0 0 0 0 1 0 1 1
28
1 0 0 0 1 2 1 0 1 2 0 1 0 1 0 1 0 0 0 0 1 0 0 0 2 0 1 0
28
0 1 1 0 0 0 0 0 1 0 1 2 0 1 2 1 0 1 0 0 0 1 0 0 1 0 0 2
28
1 0 1 0 1 0 0 0 2 0 0 0 0 0 1 0 1 1 2 0 0 1 0 0 0 2 1 1
28
2 2 0 0 1 0 0 0 0 0 0 1 0 0 2 1 1 0 0 0 1 0 1 0 1 1 1 0
0
