70
46 6
13 2
21 42
61 45
0 9
61 10
60 35
60 58
59 31
25 58
22 10
18 23
32 55
7 34
49 37
42 2
10 48
24 39
8 56
44 28
51 0
0 54
33 1
47 45
9 17
30 4
34 39
36 61
13 17
39 12
11 0
0 43
10 31
11 31
34 8
62 8
15 13
25 54
13 26
27 60
14 33
56 24
2 17
37 7
41 14
7 63
41 37
62 61
13 16
29 56
21 18
28 3
32 11
63 40
40 17
58 21
32 17
31 7
27 8
19 34
45 31
61 0
13 22
11 15
35 51
35 7
37 33
50 33
44 23
13 28
120
16 44
49 11
14 44
62 59
51 47
53 5
10 27
40 20
0 41
40 23
13 58
56 19
45 51
46 27
32 3
63 8
9 38
45 60
52 32
7 41
39 45
30 17
6 4
39 37
1 18
37 33
4 16
4 17
43 41
17 22
38 9
54 23
22 36
38 15
18 1
56 52
47 34
27 41
24 62
17 55
46 50
56 53
2 27
29 21
55 19
57 5
3 35
48 16
27 38
63 61
3 40
37 35
36 34
42 12
58 63
15 45
15 56
45 54
21 49
38 13
20 56
1 53
28 16
23 36
29 8
11 2
43 52
45 36
47 58
59 46
37 41
41 0
7 34
49 53
19 47
56 23
40 35
59 56
12 16
48 15
10 27
2 36
24 3
50 57
45 18
7 51
48 33
1 26
20 55
42 60
27 30
25 4
47 35
23 4
48 41
20 54
32 50
30 0
8 2
2 28
28 17
44 60
46 23
49 1
18 49
50 35
63 49
15 20
28 47
8 42
15 41
41 10
36 57
35 2
16 24
58 25
46 26
49 2
15 45
11 36
