64
23 14
21 7
28 18
18 14
14 16
27 1
28 3
17 8
1 13
25 4
5 17
3 22
27 30
15 19
24 31
24 6
28 16
20 16
11 16
13 27
16 2
21 8
0 27
0 2
15 5
17 0
2 29
17 0
10 20
31 0
19 18
16 7
5 28
22 13
11 3
4 12
30 25
1 9
3 8
10 3
22 10
19 3
15 31
21 0
6 9
15 24
17 28
13 30
18 12
16 3
14 3
17 27
11 15
23 15
15 19
25 2
9 3
27 21
14 8
28 15
12 14
30 29
27 4
0 17
64
6 24
4 0
6 13
1 31
6 10
13 28
2 23
29 9
31 2
6 3
10 25
1 25
31 18
21 5
15 25
22 29
28 13
1 9
27 22
20 14
14 31
30 27
15 16
11 31
8 29
28 19
11 26
20 24
16 18
0 13
11 19
27 5
16 12
20 1
7 24
12 26
4 5
16 8
30 11
13 4
7 20
7 15
16 19
15 18
24 21
15 19
7 28
23 18
13 31
9 0
17 29
10 23
15 2
27 10
0 22
8 6
25 18
10 3
16 11
9 28
23 2
29 7
24 3
14 28
