190
46 40
47 0
22 31
57 47
45 36
22 60
7 16
54 44
5 43
59 6
41 7
50 47
37 44
30 37
16 38
24 39
49 39
14 45
20 53
55 43
6 62
28 17
33 38
6 59
38 5
47 0
25 49
53 55
29 49
58 61
7 42
38 59
12 47
38 58
39 2
49 0
2 63
32 20
59 22
22 23
61 31
28 4
48 12
21 59
16 33
21 9
36 16
26 63
12 26
44 63
52 54
7 21
19 58
46 20
18 55
20 62
47 24
48 53
8 4
23 1
30 53
51 58
17 46
47 27
38 34
60 29
42 57
49 26
27 28
25 21
33 48
39 5
17 19
45 5
0 52
27 33
62 53
31 2
25 18
26 30
12 42
33 22
39 33
26 50
63 27
52 31
61 60
54 23
4 15
40 57
52 5
6 37
14 45
30 57
48 52
50 13
49 10
13 50
11 28
19 10
56 61
25 2
57 35
2 49
25 12
24 36
26 32
48 30
31 47
19 15
30 27
8 26
22 51
49 36
46 9
21 31
23 19
37 28
60 6
33 13
25 13
38 41
43 35
23 19
41 48
50 5
33 51
4 51
40 62
35 3
19 44
37 55
5 61
30 9
57 22
9 19
50 39
46 17
23 27
10 63
45 56
36 60
6 2
61 58
10 38
29 0
0 9
45 34
10 33
38 43
62 56
41 3
61 44
53 50
48 62
47 15
49 20
63 53
49 60
13 25
13 34
1 45
10 12
60 56
60 1
12 52
53 32
29 0
15 2
56 10
50 20
3 7
17 56
57 24
2 35
19 10
22 38
41 28
9 12
13 33
60 8
27 16
48 10
16 39
3 10
32 56
44 46
13 48
9 3
42 31
4920
44 12
17 47
29 41
0 35
14 58
42 17
20 6
24 44
24 9
4 51
47 28
47 30
22 47
49 52
41 27
10 60
22 40
60 41
40 55
57 28
47 55
17 19
55 32
44 12
63 5
56 55
31 59
48 39
49 19
3 13
7 47
58 34
9 38
27 12
28 4
19 35
27 14
45 5
23 24
40 21
26 27
47 37
54 63
61 51
9 23
7 9
49 13
62 21
57 12
8 18
40 36
8 12
45 46
44 42
46 21
3 26
20 35
50 11
5 3
44 51
53 24
14 1
38 55
10 17
40 39
38 24
42 23
31 47
5 26
20 50
14 18
3 0
18 46
40 58
25 21
20 13
20 34
1 40
37 21
49 22
62 44
51 22
15 22
43 27
10 44
36 10
43 3
45 47
27 39
45 24
31 26
52 32
39 18
57 41
3 41
13 25
35 58
9 28
60 9
39 41
21 29
9 22
40 39
36 26
4 15
51 34
34 1
52 25
62 36
17 7
19 53
29 41
27 52
26 1
55 22
27 18
41 30
59 12
48 62
2 1
3 6
20 26
0 35
19 4
60 44
0 15
61 20
16 28
46 13
33 3
0 22
53 27
33 21
36 31
6 44
38 18
58 32
6 41
2 29
45 37
63 34
26 2
57 27
39 54
14 10
51 9
13 33
5 40
37 59
63 49
16 46
2 25
54 7
56 49
40 19
45 49
46 47
1 32
42 24
0 41
29 35
61 29
39 29
21 42
47 56
49 33
59 51
51 45
17 11
55 11
38 57
7 56
2 25
11 47
40 49
15 56
17 61
16 37
20 32
29 35
12 56
58 8
23 37
46 58
19 59
55 51
10 14
7 28
8 50
10 6
1 59
28 49
18 23
45 22
30 15
46 61
63 57
62 9
1 16
29 62
7 21
56 15
15 9
55 5
49 18
13 58
13 41
28 55
51 37
18 61
51 19
19 55
5 37
32 27
33 37
28 43
57 5
47 54
61 35
22 13
49 26
60 11
3 44
57 0
31 57
21 0
58 12
4 12
52 8
8 23
56 61
51 14
58 3
51 53
7 50
58 51
14 33
58 26
46 29
45 49
23 34
29 53
32 19
19 6
28 57
2 37
34 57
55 35
60 54
47 8
1 34
48 8
51 43
27 23
28 26
6 45
35 24
42 1
22 56
55 6
56 40
57 51
34 28
37 43
2 55
33 27
10 58
16 35
48 10
26 7
48 44
9 1
24 29
53 7
22 18
10 47
39 28
15 12
33 13
36 48
39 23
12 58
10 2
24 13
9 10
46 54
57 35
59 2
14 52
33 28
6 7
38 24
53 19
22 53
56 12
8 14
43 9
6 10
42 54
46 8
28 7
27 54
0 9
46 2
10 21
52 42
54 21
42 24
35 50
49 15
50 38
37 12
58 52
17 19
30 38
59 16
36 50
3 29
42 41
50 9
29 15
34 16
33 5
41 51
0 7
13 20
54 23
56 54
56 21
6 0
50 43
40 43
48 22
51 46
25 50
50 16
21 20
49 57
56 1
20 25
54 37
1 27
43 6
5 34
58 1
12 15
4 48
24 3
19 45
16 58
46 33
56 63
32 51
42 7
2 44
63 20
1 25
58 14
1 20
56 15
39 10
34 6
21 4
41 21
28 48
19 51
35 55
4 58
30 17
5 13
61 63
53 4
51 11
59 4
14 44
11 39
39 33
13 40
15 5
8 39
0 3
26 61
21 53
61 23
5 10
12 49
39 2
5 43
10 63
23 31
24 7
12 50
41 7
36 34
45 13
25 54
51 45
5 4
57 4
50 60
29 38
4 60
62 48
16 30
22 12
53 38
26 61
49 48
53 26
60 8
32 3
39 5
27 53
19 7
5 41
54 40
30 44
47 45
63 8
48 29
20 33
63 19
59 25
30 47
32 58
53 29
57 3
10 16
38 27
17 34
19 13
50 1
20 19
48 5
21 28
50 34
16 42
53 15
54 27
20 16
34 42
9 7
21 20
4 48
23 17
9 30
62 34
18 52
57 21
63 62
8 6
28 44
24 13
57 22
22 16
61 15
18 13
21 47
52 25
9 48
49 7
41 40
14 49
29 14
43 24
40 15
44 53
32 33
7 15
5 22
41 18
61 63
45 19
43 35
43 2
8 15
21 47
39 38
31 29
58 17
49 32
25 58
3 56
33 58
24 4
26 50
13 24
8 62
14 54
17 40
19 3
17 13
45 27
47 52
49 2
49 31
62 32
58 38
38 57
37 1
22 28
29 10
47 44
10 21
15 23
26 9
61 47
12 17
9 52
1 17
35 20
14 9
18 6
25 48
21 23
15 9
49 30
28 57
1 35
17 53
29 34
10 4
51 9
28 58
22 26
4 11
58 1
58 60
50 5
56 4
53 17
43 1
52 1
15 55
55 36
42 41
40 34
51 29
45 57
0 7
58 62
36 53
10 21
37 58
52 1
2 41
29 25
63 9
3 27
14 46
50 11
57 21
63 18
16 8
30 50
5 45
25 39
38 40
52 33
38 51
60 12
0 40
48 41
4 49
30 62
60 32
49 50
42 20
5 21
8 7
20 52
8 31
14 38
26 32
55 12
8 27
14 60
10 37
21 6
14 15
17 24
6 2
48 36
14 10
25 34
48 2
57 17
38 26
47 38
35 37
61 41
3 27
33 62
41 16
41 27
41 36
63 33
0 29
56 57
49 11
38 16
27 32
40 46
5 13
20 51
28 51
13 61
17 63
25 23
62 13
48 15
49 53
25 1
40 8
19 28
54 28
46 30
8 1
51 25
27 8
36 57
21 48
45 8
8 16
35 58
4 52
8 33
10 40
3 32
26 57
49 33
40 19
37 58
46 17
54 33
61 57
50 27
61 62
26 10
0 37
26 40
7 14
33 61
55 4
54 56
59 26
47 28
45 43
57 6
32 35
35 4
41 7
49 59
29 14
12 11
45 59
29 15
18 32
16 2
28 38
55 31
19 25
42 3
60 13
18 48
23 31
57 16
42 21
40 37
9 14
45 0
35 0
28 53
56 50
43 42
32 9
41 42
35 49
23 31
47 54
54 20
24 44
57 53
27 50
26 10
45 6
41 58
38 25
9 51
53 59
35 51
43 13
19 52
17 53
15 60
50 44
29 55
1 63
53 23
60 19
63 54
28 10
5 20
55 42
12 32
56 39
20 6
53 6
22 60
14 49
12 18
44 23
48 1
4 16
58 50
35 2
33 53
42 44
55 44
28 4
27 43
6 3
16 57
62 34
38 24
49 26
19 8
48 8
21 10
8 12
56 35
17 3
60 31
52 31
21 61
57 29
8 58
16 41
7 39
12 6
5 8
58 12
49 60
15 63
49 40
58 31
26 27
31 32
51 50
52 2
12 26
10 9
0 26
42 1
44 18
10 7
10 56
56 21
1 19
11 24
10 16
28 12
14 46
4 17
11 60
15 47
20 29
31 45
35 7
58 37
7 6
35 21
56 55
2 6
21 28
39 57
14 4
30 5
6 63
6 56
7 39
27 19
21 28
12 55
22 0
4 22
46 12
13 25
0 32
32 7
10 15
37 26
30 11
46 8
59 5
14 38
6 42
19 14
21 13
38 34
45 17
37 36
59 51
40 51
37 24
49 50
7 40
33 48
15 53
49 14
37 36
1 0
58 31
10 22
35 18
32 21
55 21
52 59
58 21
54 0
20 63
19 39
36 13
37 17
38 11
56 59
63 27
59 28
53 50
1 6
4 5
9 52
33 16
9 19
28 37
36 57
61 21
36 48
28 6
27 7
34 28
11 22
42 49
26 35
54 41
11 45
18 46
44 16
56 5
2 0
4 8
48 17
26 40
23 25
21 12
28 27
59 17
63 19
23 7
3 27
61 17
23 44
50 18
10 52
26 20
14 17
2 51
54 8
26 59
22 16
10 24
14 18
11 32
15 46
5 46
35 37
40 26
29 36
24 16
62 52
46 52
58 63
22 29
7 3
12 57
45 49
63 54
18 19
35 46
34 63
54 52
26 53
57 46
48 62
39 14
55 30
8 29
60 3
46 11
27 42
9 55
47 49
11 17
17 12
6 25
23 57
56 3
15 13
46 58
62 29
26 53
35 53
52 43
20 4
56 4
34 60
37 22
3 31
33 62
29 1
46 40
13 38
63 8
53 6
56 37
19 16
18 36
26 63
16 0
56 10
36 51
44 56
35 3
20 13
18 14
20 37
4 12
47 15
44 40
41 22
33 46
7 32
50 48
26 25
51 32
63 10
15 34
53 32
9 25
54 45
3 60
35 13
46 49
36 18
18 11
21 15
48 15
7 51
36 17
31 56
43 0
17 4
47 15
7 44
47 53
4 30
28 34
4 45
1 51
42 47
3 22
60 40
56 2
39 33
40 35
28 46
31 17
7 61
39 36
47 6
0 10
38 61
45 59
51 49
35 36
51 30
26 36
17 33
11 53
2 25
16 51
43 47
36 44
49 35
27 7
27 39
44 2
7 46
63 45
54 10
22 60
62 12
37 22
12 34
52 2
14 18
7 33
47 21
47 1
41 34
29 59
14 23
47 10
24 49
38 39
29 21
21 61
29 50
57 13
42 55
27 58
55 48
24 21
13 50
35 5
33 41
15 51
21 55
4 34
45 30
35 43
32 25
46 52
49 13
3 24
37 13
33 21
18 43
30 7
42 9
54 31
10 34
19 6
17 34
61 16
51 47
14 5
10 46
63 24
48 59
27 59
26 48
29 51
50 13
58 13
13 21
51 36
47 6
19 56
50 10
8 44
60 46
20 12
58 61
2 37
23 51
62 8
61 31
15 11
48 9
45 38
31 38
23 13
11 43
46 3
23 29
36 13
22 54
42 59
16 53
48 21
32 6
49 39
10 53
19 7
15 33
34 58
3 34
28 40
52 58
29 58
33 45
0 46
35 20
32 34
0 51
25 33
10 35
21 62
19 14
30 6
6 33
4 58
59 26
41 32
53 38
23 57
17 21
56 28
49 48
27 25
36 45
43 59
0 15
34 43
34 44
13 58
37 27
15 48
4 27
4 38
61 44
60 22
47 30
54 36
4 19
0 18
59 45
8 16
2 31
9 61
6 3
60 52
52 32
22 55
20 59
56 42
59 30
39 9
20 63
20 15
41 43
1 22
13 32
48 42
16 10
13 5
49 52
62 53
12 40
11 41
11 39
20 24
48 61
17 55
23 32
1 22
54 29
58 0
5 19
41 10
5 57
9 16
29 40
47 11
43 31
44 43
18 56
63 0
29 62
6 20
25 11
0 5
61 3
53 50
60 20
19 45
9 13
13 54
58 2
5 57
37 33
54 5
20 59
54 9
2 49
32 1
46 27
54 35
54 49
10 57
1 43
45 20
36 25
50 8
15 51
45 3
45 37
30 33
26 0
51 13
9 32
26 63
50 22
53 8
48 21
5 14
13 18
23 3
1 40
49 27
37 16
26 22
21 11
50 22
63 18
29 16
23 13
3 19
41 19
12 61
24 25
9 4
25 18
3 56
50 38
20 7
7 26
10 28
46 21
12 60
29 37
40 44
40 8
42 9
31 2
57 34
63 15
50 35
20 58
60 27
9 20
10 28
47 29
55 47
38 42
63 38
21 15
50 20
1 29
38 60
14 30
63 47
6 0
33 40
46 6
11 10
18 44
3 47
55 17
23 40
7 57
37 54
63 37
7 12
47 4
63 34
0 44
12 45
53 32
1 58
16 3
24 31
3 48
30 15
4 47
58 59
17 61
14 63
47 17
57 26
26 20
60 47
53 61
11 60
36 63
31 9
42 11
0 57
21 14
31 24
63 38
60 5
28 56
25 59
11 19
60 40
17 11
5 14
0 45
23 39
5 38
7 17
49 53
18 12
10 57
60 16
36 29
61 17
2 7
42 11
10 3
18 45
61 54
6 3
10 23
35 1
2 57
36 35
47 60
6 30
43 36
51 36
31 24
56 17
45 14
37 13
62 44
45 59
23 5
54 51
49 7
43 59
5 3
32 42
43 17
13 29
42 36
38 35
16 35
24 22
43 58
43 6
23 17
60 19
5 49
22 20
15 23
46 8
54 27
55 29
63 27
58 48
9 57
40 35
24 17
25 46
52 2
42 18
36 3
34 19
36 59
63 24
30 49
27 47
0 62
62 4
8 58
24 37
48 31
53 49
15 23
19 60
35 54
36 11
19 12
31 47
8 4
38 48
34 23
47 61
0 7
27 9
8 27
61 6
23 11
56 20
29 30
58 23
61 40
15 62
63 3
22 8
60 25
41 27
31 41
50 42
30 1
40 44
56 6
59 4
9 35
48 9
2 7
56 9
20 34
10 60
17 1
60 48
41 35
25 61
54 34
24 61
30 50
62 2
34 47
23 30
21 31
60 44
6 36
44 30
28 14
57 46
34 23
58 62
56 8
45 38
22 26
53 10
22 41
8 49
58 18
2 46
18 52
26 41
24 5
3 25
61 27
35 24
30 37
2 52
48 35
49 47
52 51
11 14
33 60
27 46
7 19
50 51
43 60
0 32
51 47
63 44
31 11
47 18
56 38
55 42
27 35
49 16
57 48
27 15
2 3
27 22
15 3
42 57
40 47
48 3
3 62
23 11
32 23
17 50
30 15
34 53
45 3
18 19
58 46
52 63
49 56
19 4
55 26
9 35
58 56
33 16
3 51
47 55
27 16
58 12
2 49
7 34
50 0
21 62
59 12
32 9
42 8
56 61
27 13
15 8
40 32
47 27
40 8
43 18
1 42
16 58
13 61
44 12
44 59
43 7
51 25
56 27
43 24
58 61
42 18
62 5
30 24
15 19
60 49
25 10
59 30
11 20
59 62
51 35
8 2
37 36
53 55
4 63
49 51
49 15
18 26
9 13
48 18
38 32
58 60
42 25
51 3
8 58
42 32
61 52
24 13
32 50
51 19
26 53
3 8
48 13
5 42
25 34
42 34
8 40
27 29
43 54
11 44
15 25
1 43
44 40
41 5
49 44
11 12
4 11
11 3
56 52
60 3
49 37
14 5
40 50
17 5
2 37
51 13
18 14
42 24
24 34
8 22
16 61
12 8
10 41
4 45
7 38
27 17
25 56
43 55
55 46
35 62
38 29
35 0
44 21
32 34
50 21
54 26
63 56
56 25
53 44
48 56
25 39
5 8
51 50
56 11
37 43
19 10
6 57
19 27
14 40
50 8
53 24
6 0
44 4
15 8
15 32
46 32
35 19
40 56
1 49
34 27
30 20
26 7
37 0
51 22
44 59
39 54
36 51
1 48
9 16
8 57
37 48
57 48
4 52
44 47
51 42
45 60
5 25
34 60
35 33
23 15
1 9
41 53
61 46
31 30
34 62
32 47
48 26
51 11
19 33
22 45
18 49
25 19
44 31
19 10
17 9
25 27
58 18
19 14
35 7
4 6
41 7
35 41
63 50
32 21
59 5
30 52
57 38
30 40
62 18
19 34
41 10
17 50
8 0
12 26
49 39
34 36
34 48
61 37
59 58
36 61
4 51
14 40
62 22
59 42
27 9
10 53
51 23
25 50
15 3
12 45
55 43
54 63
17 31
12 21
30 55
31 13
48 15
56 35
21 32
27 23
29 58
9 41
37 9
46 38
48 7
7 47
5 43
62 38
18 0
19 16
56 19
4 15
44 19
12 7
20 54
52 3
35 9
39 3
3 26
46 37
56 41
62 52
60 1
25 31
25 55
0 18
51 53
0 58
31 59
17 24
33 58
61 44
32 47
0 55
62 57
15 23
6 17
31 2
32 57
6 21
41 46
31 29
43 7
37 51
29 10
5 43
43 52
7 62
23 17
42 5
33 47
61 51
19 55
12 63
29 6
16 0
32 58
10 57
12 46
36 41
43 54
32 48
60 5
30 51
37 25
15 4
11 22
49 26
42 39
13 43
43 23
43 59
31 38
30 35
39 56
56 18
24 29
7 37
12 39
29 9
10 27
0 56
17 40
4 52
43 45
51 15
1 4
40 20
39 49
51 58
41 5
34 2
44 14
27 47
56 19
41 55
4 38
23 29
0 32
5 44
12 35
15 25
27 26
4 26
40 56
36 23
51 11
55 19
19 45
35 29
33 3
42 57
49 32
16 37
21 45
58 59
30 48
15 63
41 16
51 8
20 24
22 45
13 3
27 38
35 16
27 21
21 18
33 17
50 36
4 20
32 50
22 12
63 25
36 21
56 13
48 22
20 5
10 16
22 55
13 39
50 31
48 50
37 29
35 60
48 7
26 44
46 34
52 47
44 9
62 24
57 24
48 16
11 43
50 9
18 17
29 62
48 37
24 9
45 53
11 37
20 61
21 25
46 43
32 15
32 15
34 22
11 46
33 45
15 20
60 21
17 40
10 55
23 8
62 18
26 1
43 55
31 54
5 50
40 44
7 42
33 45
61 9
46 31
35 29
8 19
36 31
36 49
32 25
47 10
48 46
0 48
53 3
15 12
28 59
19 63
58 24
20 6
4 63
13 62
39 27
22 20
23 51
12 1
42 9
21 57
50 17
24 39
0 10
11 47
7 43
24 52
9 1
8 49
7 39
53 11
62 13
5 53
23 36
50 3
24 62
41 43
56 40
14 18
43 6
57 30
13 29
0 62
15 59
51 10
47 3
10 26
49 23
8 63
26 27
26 40
17 54
38 37
23 2
37 26
6 31
31 57
52 41
0 3
37 6
58 25
37 8
17 31
15 37
3 62
43 47
53 59
45 60
39 18
5 3
26 50
16 27
28 13
14 62
50 5
63 21
19 13
5 45
48 3
57 54
57 4
32 34
63 27
51 33
50 11
60 59
56 18
2 39
55 63
63 61
51 26
41 20
5 50
50 55
44 15
11 2
49 63
54 2
8 45
62 6
41 38
32 8
62 59
22 23
1 4
41 24
51 1
10 40
53 48
55 59
44 5
43 22
11 26
55 2
53 9
3 34
20 44
19 0
31 45
19 42
10 60
48 55
6 43
11 0
27 48
56 55
22 13
50 8
45 27
2 53
56 58
8 45
49 62
28 60
40 7
51 53
42 19
48 9
56 57
12 31
3 21
53 24
45 5
63 39
31 9
20 2
62 51
56 3
15 29
53 42
1 36
14 29
25 61
12 36
47 54
2 43
62 21
9 26
19 45
33 62
59 13
5 52
29 34
50 51
50 39
38 63
17 11
40 47
38 58
41 15
18 1
23 56
23 35
16 32
2 54
48 19
21 30
52 8
37 48
44 2
10 47
21 51
58 45
1 10
43 58
15 27
48 51
0 20
56 0
63 18
40 35
53 60
48 39
47 22
2 27
21 25
45 18
24 30
60 55
61 43
50 4
42 35
1 52
15 21
25 23
34 1
7 28
6 47
39 53
16 53
63 8
13 41
32 37
63 23
53 34
24 5
16 62
52 32
18 15
54 41
25 7
17 18
43 12
53 38
47 35
7 0
16 42
23 59
44 25
35 62
62 41
58 61
41 60
9 32
26 52
21 31
37 45
8 35
40 39
42 1
5 13
38 16
9 28
36 52
61 1
38 1
39 53
2 52
60 38
17 18
53 54
41 57
10 38
53 4
49 15
22 55
53 62
22 27
18 22
22 1
3 16
26 45
3 53
5 48
35 57
63 61
11 54
12 16
45 34
48 17
18 14
17 45
12 4
17 23
33 3
13 22
2 10
14 0
49 42
48 38
58 45
42 46
23 38
49 58
19 10
1 8
13 28
57 40
38 21
8 36
31 24
3 9
7 24
45 15
59 63
43 3
36 7
32 8
28 50
21 31
38 27
38 23
52 7
31 27
16 41
46 60
1 37
59 54
0 7
5 24
35 9
52 38
62 28
38 1
49 52
34 10
7 18
31 6
37 33
18 0
12 59
2 39
57 3
36 1
42 5
43 58
52 19
19 13
47 31
17 2
29 57
32 4
29 4
19 51
9 37
55 39
11 55
60 40
60 36
0 40
42 60
62 61
24 44
48 22
56 58
28 32
34 41
54 52
29 24
60 43
55 37
7 24
27 33
63 55
54 36
54 20
38 45
52 54
50 14
13 54
52 8
58 26
12 19
8 22
21 35
20 56
23 49
57 29
62 10
11 4
52 35
36 39
12 9
0 6
21 19
60 16
30 49
56 29
46 41
11 41
57 5
12 16
47 46
11 9
13 55
60 10
46 55
11 4
59 49
43 35
39 62
51 4
49 3
60 10
7 43
35 45
48 41
23 31
53 0
54 12
28 7
48 6
52 6
52 9
48 26
23 2
28 32
30 47
17 28
27 15
38 45
30 61
60 7
45 56
59 12
46 45
27 56
30 59
56 11
53 22
53 31
45 32
15 53
45 5
60 36
10 44
51 62
30 44
6 4
42 51
58 53
8 34
54 30
51 58
3 60
53 58
44 24
34 49
49 26
9 53
39 34
43 9
39 22
8 0
45 27
58 0
22 11
33 28
28 33
16 47
18 28
18 36
44 23
9 26
60 40
49 11
26 59
61 31
38 24
27 1
48 40
53 45
46 57
26 61
12 27
16 31
60 19
57 13
61 49
15 53
54 37
54 3
19 23
30 34
7 1
32 8
29 41
47 59
22 48
33 40
28 59
39 63
29 15
62 49
27 21
34 33
25 52
1 58
28 16
40 31
14 50
46 63
10 16
25 21
33 0
29 61
7 34
11 50
58 30
31 5
41 12
56 43
38 12
22 25
46 3
27 32
31 60
9 4
25 7
19 55
22 5
17 30
43 50
55 2
32 12
39 28
26 30
30 4
54 50
22 43
56 14
35 43
35 9
13 60
48 58
55 47
18 13
35 16
1 21
50 4
55 16
37 36
42 44
13 34
27 20
63 51
24 43
47 20
48 35
30 8
53 60
62 34
4 23
58 52
6 30
16 26
34 47
24 27
9 28
50 38
56 24
31 3
36 57
42 1
19 18
5 50
14 51
62 16
38 9
55 32
57 36
26 52
2 12
52 35
38 18
7 27
62 15
8 53
53 54
12 23
5 26
58 40
12 23
24 43
36 4
24 58
42 36
58 49
15 26
36 47
0 54
61 5
61 53
4 1
34 40
40 13
61 25
40 16
0 8
57 16
54 39
19 15
48 25
46 16
28 12
29 49
31 62
20 3
24 34
4 49
39 43
58 17
11 34
41 39
46 18
5 39
11 4
6 61
22 61
51 61
62 42
51 49
40 10
40 36
39 31
61 53
37 14
13 37
4 23
34 41
55 18
15 34
32 43
31 32
11 35
22 54
38 3
43 39
26 15
2 36
12 2
34 47
9 22
34 15
38 28
6 34
42 29
42 49
50 13
63 44
39 52
13 45
42 16
28 58
13 35
55 36
16 35
24 4
41 10
48 36
20 11
43 36
58 2
0 8
45 21
49 61
19 32
9 33
26 17
33 29
46 49
1 3
50 28
7 41
53 24
30 57
26 3
3 48
47 37
37 49
61 33
43 21
2 51
46 54
57 23
11 8
3 20
53 59
26 54
60 46
13 14
18 25
37 17
62 33
48 56
60 63
20 6
42 17
61 60
25 51
26 3
49 39
53 47
11 24
14 60
49 12
48 19
8 12
62 13
61 4
36 55
23 56
52 32
25 30
7 52
8 12
41 24
45 47
5 6
1 28
53 15
61 38
20 63
25 27
60 17
10 4
55 62
29 41
8 3
22 61
37 59
26 23
12 9
58 25
37 27
63 41
63 62
8 41
57 1
38 55
62 55
18 3
50 56
61 16
13 50
22 15
44 21
46 9
11 18
11 47
61 51
38 51
49 16
21 31
40 54
30 18
46 36
9 61
33 45
25 3
25 36
61 45
35 25
14 38
41 39
2 56
11 40
54 59
28 38
7 50
13 23
40 46
52 27
53 28
6 11
35 42
46 29
49 37
58 56
34 21
40 26
29 9
41 5
21 35
40 10
25 22
12 37
51 60
17 45
42 9
41 42
55 37
45 62
48 15
25 27
50 9
45 2
59 23
19 20
20 44
17 27
20 59
36 4
3 5
26 36
5 2
41 7
39 34
50 32
15 7
25 34
4 13
11 2
9 4
42 21
38 48
9 26
10 63
2 38
12 31
60 50
38 29
43 2
6 12
14 41
32 30
46 52
25 39
25 44
57 19
45 22
35 55
0 34
12 27
53 13
26 9
15 8
51 9
3 14
23 32
33 15
53 4
47 24
6 23
44 59
36 60
40 6
21 28
0 42
62 23
23 56
46 60
9 43
6 40
24 14
23 31
62 45
27 59
51 15
55 37
1 50
10 54
58 13
55 50
53 60
15 6
37 14
46 24
19 40
15 7
58 7
51 61
35 9
8 63
18 2
59 18
40 22
43 47
36 35
36 9
39 52
52 29
9 30
5 24
56 35
17 19
4 11
60 24
63 45
14 48
32 8
24 40
9 15
44 36
37 36
19 35
55 12
26 42
27 59
24 36
4 33
61 55
15 25
1 17
15 8
42 17
47 50
32 12
20 40
30 12
38 59
62 59
43 11
47 33
27 53
60 0
15 22
33 16
38 17
52 1
18 17
43 30
29 60
18 52
24 40
38 43
46 5
45 41
5 58
28 24
51 8
34 8
5 7
62 22
45 58
48 3
59 14
15 55
56 61
45 23
44 22
18 5
50 48
30 9
7 2
15 0
12 60
59 3
42 49
39 22
7 20
20 15
37 22
9 54
39 9
31 53
9 20
1 13
26 38
57 26
6 42
35 41
36 55
39 28
40 8
17 61
3 52
32 49
25 36
3 1
25 61
13 26
47 34
51 5
43 21
54 2
14 9
31 51
38 45
5 23
11 34
7 28
62 25
17 8
35 19
24 37
49 27
21 43
10 25
59 32
32 29
61 19
31 41
37 25
24 26
47 5
27 23
18 24
3 55
15 18
1 59
50 27
54 5
23 11
11 54
29 38
30 11
1 16
0 13
4 7
4 10
36 0
19 60
22 23
60 32
11 25
33 18
8 23
4 25
57 5
8 43
60 16
34 48
17 32
16 2
11 21
22 0
49 46
17 61
33 58
56 47
44 46
24 56
50 60
4 48
63 43
22 40
14 12
14 22
18 19
10 39
2 19
15 8
16 30
59 50
20 40
60 20
0 6
11 15
1 28
43 12
31 45
32 18
29 30
43 25
10 13
56 37
14 7
5 1
25 33
49 11
34 16
23 58
22 60
8 43
30 49
45 57
46 47
21 29
60 7
58 57
30 23
45 43
33 35
15 40
34 28
28 60
22 18
52 62
51 44
15 56
43 7
3 0
19 30
1 18
44 12
12 39
15 44
45 37
49 46
6 25
52 59
12 30
49 55
50 35
41 56
58 2
15 52
56 19
48 50
51 33
52 53
14 47
3 45
47 0
49 33
38 52
18 0
21 42
35 49
51 33
50 24
26 33
46 53
32 20
58 39
1 35
3 42
9 61
17 9
36 23
47 21
60 36
8 22
43 42
50 26
4 60
41 50
47 27
17 46
27 0
19 61
39 11
18 7
22 40
44 63
34 12
33 30
52 36
12 54
17 36
38 28
19 8
53 49
22 44
4 7
27 32
13 29
34 44
29 60
26 45
2 11
38 44
30 18
13 39
40 54
48 19
21 41
58 62
39 14
17 44
16 0
25 47
14 27
3 53
33 55
54 26
26 36
21 23
49 44
5 0
1 3
63 37
24 48
58 23
55 51
61 4
58 39
24 50
27 11
30 5
61 46
47 42
60 63
59 56
30 62
34 11
13 0
44 53
30 9
46 26
27 42
49 5
13 50
19 28
3 5
62 46
56 46
45 13
59 26
22 59
46 44
9 2
63 23
26 41
19 40
20 28
41 3
56 11
13 21
34 62
18 62
49 51
19 0
40 32
24 13
50 1
45 8
30 22
34 54
20 9
50 16
39 11
51 54
36 0
55 42
17 45
1 41
6 39
28 18
36 11
22 60
62 36
3 61
43 5
42 21
47 6
55 23
32 19
5 53
10 18
34 29
47 63
17 11
45 4
0 15
24 16
27 32
25 18
44 47
62 12
1 19
55 46
29 53
21 39
46 26
35 4
57 55
38 42
13 56
25 58
38 33
41 36
60 37
34 49
21 8
18 45
48 36
46 51
56 60
57 45
4 40
29 48
46 47
19 2
2 55
2 51
38 46
30 45
45 23
62 56
9 14
10 44
6 36
1 38
58 37
40 39
27 11
11 60
3 14
16 53
1 22
45 27
6 56
36 25
29 46
12 30
49 36
31 4
1 16
12 14
17 50
58 30
9 55
22 17
14 58
20 42
19 10
31 5
10 25
48 47
52 43
54 58
16 6
48 26
30 6
35 15
42 7
61 56
63 50
8 36
25 57
62 5
4 3
58 37
19 42
49 25
53 54
10 59
10 54
40 9
37 11
23 54
5 23
59 6
24 61
21 20
40 23
49 13
51 16
31 55
59 10
20 57
50 33
5 15
12 21
24 16
60 52
3 39
47 32
20 29
24 34
21 35
27 17
14 18
0 41
23 24
17 56
57 6
60 16
43 37
1 40
57 42
32 30
37 28
49 37
10 35
35 0
48 14
15 43
18 63
33 9
35 14
12 39
62 28
63 46
17 27
34 42
44 30
38 34
60 1
55 44
39 36
44 52
12 51
27 12
18 3
34 25
45 51
13 6
12 24
25 29
62 55
35 27
62 27
56 6
37 46
27 51
57 12
62 48
21 30
18 15
31 6
48 3
27 9
61 39
49 53
57 13
63 0
45 40
24 52
51 29
60 2
11 28
47 22
26 46
47 11
54 37
54 21
21 27
51 47
59 27
43 18
32 15
19 59
30 6
36 7
27 12
35 52
30 0
63 33
54 59
32 23
21 6
40 12
22 63
15 52
61 44
44 58
10 15
39 11
27 35
16 14
13 45
49 47
13 5
37 6
33 61
11 14
62 34
0 52
16 22
22 14
2 59
29 54
63 37
23 22
25 3
61 62
11 60
62 47
15 23
3 51
42 1
55 20
7 34
34 0
28 41
54 30
14 41
63 51
35 17
49 47
63 42
33 31
56 58
40 13
20 0
2 55
34 30
6 30
48 10
2 8
2 8
58 27
62 13
11 17
2 26
54 41
44 16
15 33
26 25
29 5
28 29
16 13
38 26
22 14
37 9
47 29
30 1
58 11
29 40
10 5
25 18
3 20
43 11
8 17
13 41
41 2
10 29
24 8
3 14
45 43
50 3
10 9
16 10
11 2
10 55
63 38
24 7
56 14
49 28
9 15
60 2
28 42
41 17
38 13
53 26
21 43
29 35
53 39
19 13
61 36
61 29
17 26
31 47
23 8
47 52
41 28
18 53
6 3
61 62
18 37
52 61
50 47
28 3
41 37
16 33
41 32
5 61
45 35
63 3
22 35
25 1
57 37
17 20
22 8
43 25
10 11
5 43
44 36
54 53
4 43
7 62
44 43
39 40
39 14
8 43
2 40
40 23
56 4
20 35
40 33
45 51
34 62
31 45
58 44
38 41
45 10
52 5
41 27
8 44
50 31
16 4
44 12
14 34
24 22
40 7
24 0
21 49
13 30
51 44
19 18
27 48
23 45
43 22
60 4
36 9
17 39
8 58
47 6
5 55
19 41
20 10
48 13
5 11
31 58
51 19
58 18
49 36
15 28
28 32
10 43
11 28
61 60
41 10
43 6
34 6
13 28
41 55
11 59
5 10
58 55
38 48
14 25
32 30
47 48
23 52
3 48
23 32
43 8
25 57
0 54
2 45
50 26
38 46
24 7
16 42
58 2
0 51
36 32
16 24
57 20
31 52
63 57
60 19
46 40
16 8
19 1
58 18
36 32
54 29
55 27
56 19
17 23
43 37
51 29
46 57
12 34
35 28
55 20
37 33
58 53
47 52
16 38
1 53
8 58
11 35
61 60
26 7
45 14
12 63
24 53
63 47
47 11
35 58
5 49
36 39
15 31
38 45
24 27
13 15
13 37
54 37
14 17
61 54
58 16
58 1
19 31
62 41
55 59
35 44
57 7
46 25
19 31
44 57
40 53
6 47
24 60
28 55
1 7
39 20
42 54
18 21
4 28
6 62
2 11
45 26
42 63
33 24
45 39
11 54
1 8
4 55
16 37
57 56
6 12
18 10
9 41
56 48
52 45
34 35
38 31
58 42
4 26
8 27
47 33
5 42
41 25
6 50
3 1
18 63
20 37
40 1
13 15
54 12
44 28
11 60
39 60
38 31
5 4
4 41
62 32
27 47
38 9
33 27
60 61
60 15
52 7
57 36
23 33
8 31
21 22
33 46
53 21
35 20
45 4
56 37
31 53
20 60
3 59
42 5
7 41
42 0
23 52
39 29
27 59
43 46
22 9
43 13
14 9
4 17
50 15
42 1
2 8
30 35
5 63
49 21
18 26
14 48
27 32
12 55
63 7
45 14
41 7
59 15
7 52
20 48
34 4
20 18
47 60
59 52
62 8
59 34
58 53
35 14
7 10
50 3
36 51
55 21
39 17
41 54
43 37
24 16
7 11
49 40
14 43
32 31
44 33
9 3
55 59
61 53
57 1
47 55
43 60
41 11
59 14
13 24
5 30
24 36
34 54
32 7
12 11
40 57
25 39
7 27
11 41
48 14
1 0
61 24
57 12
30 34
16 39
28 2
16 22
2 34
39 23
43 15
48 56
0 28
39 45
11 17
11 61
0 6
51 59
0 26
9 37
28 51
9 6
0 47
22 42
2 30
46 0
56 62
28 57
44 11
16 61
42 6
58 3
0 60
43 2
54 15
46 8
60 25
25 55
53 34
63 2
19 56
49 45
9 44
62 36
27 17
7 8
47 3
42 37
38 55
24 30
63 4
58 40
60 23
32 48
36 20
5 21
8 29
46 61
33 23
46 17
22 44
56 14
47 52
20 7
26 9
9 13
11 27
52 43
50 6
50 24
33 23
57 0
36 50
52 28
30 43
12 7
16 62
51 7
31 58
51 42
42 47
39 54
21 11
56 62
38 37
57 46
30 18
41 56
3 14
10 51
31 7
55 19
14 10
59 1
5 54
60 49
32 1
63 58
50 1
7 49
43 26
27 45
38 41
53 36
10 37
56 35
46 44
62 23
10 39
28 56
16 3
13 22
19 2
57 41
45 46
28 18
42 56
63 8
41 33
4 22
54 16
4 44
41 50
29 61
13 12
58 14
23 41
8 14
15 4
7 31
59 61
52 46
34 45
10 11
26 56
30 40
15 19
54 59
22 5
43 54
27 32
24 49
61 2
18 6
44 46
5 60
33 29
31 26
14 48
37 31
35 27
55 61
56 32
10 26
51 55
46 22
24 56
7 0
5 27
17 24
51 60
8 51
21 17
44 40
43 17
41 31
41 15
62 42
13 18
55 51
54 2
25 21
58 22
39 40
0 27
12 41
1 6
7 3
34 18
43 33
33 12
12 34
7 11
59 9
37 24
7 62
59 40
11 17
49 34
8 45
6 40
36 34
59 21
6 46
26 14
33 54
33 46
17 41
54 40
31 63
43 63
19 60
33 32
37 59
63 25
37 52
55 52
31 63
40 2
47 22
42 1
20 7
60 42
17 32
3 49
14 52
29 18
20 51
56 5
1 6
35 29
36 0
36 31
15 53
45 51
32 36
22 58
42 13
55 10
28 39
23 47
8 60
38 20
12 31
39 40
34 47
25 49
9 51
43 44
17 59
60 61
40 48
24 28
3 57
21 17
52 21
10 15
4 50
60 61
47 21
14 34
14 21
3 49
46 20
32 16
57 22
54 61
47 30
18 21
27 19
39 10
35 3
44 14
14 3
52 50
17 43
52 57
30 35
11 9
48 31
41 35
4 57
6 59
34 60
34 0
19 58
58 20
60 38
63 7
55 15
23 54
40 43
42 26
55 36
56 49
63 17
63 14
63 5
19 7
55 48
53 36
27 44
43 7
28 36
58 3
14 10
63 2
43 39
29 7
23 1
35 3
62 20
47 30
51 22
27 1
17 41
50 27
21 26
40 41
47 6
59 16
32 37
29 6
61 19
35 16
46 29
8 34
1 57
28 0
48 34
41 5
21 57
31 18
59 29
4 6
29 3
2 35
43 47
10 4
5 36
49 18
10 20
0 53
50 6
1 9
46 17
44 52
20 32
17 55
60 33
23 57
11 33
8 3
17 51
29 35
20 60
3 49
27 8
33 32
40 0
10 31
44 49
33 39
21 45
55 27
60 61
16 53
56 49
26 25
18 21
56 11
12 5
60 10
55 63
12 2
61 38
36 31
43 24
40 37
35 41
25 52
13 36
33 6
17 22
2 38
56 35
46 18
8 20
53 52
28 0
51 61
55 41
30 42
6 24
53 13
63 15
16 49
62 2
20 31
45 13
60 9
37 41
30 11
47 15
31 0
63 58
29 19
61 39
50 58
36 18
10 27
44 46
28 36
58 5
3 44
58 45
8 53
33 40
53 49
56 25
29 49
42 62
38 3
47 61
39 31
5 56
16 44
18 8
10 7
18 6
63 24
39 17
52 0
14 50
30 48
42 22
45 35
60 2
26 15
36 42
0 16
43 26
51 50
9 57
47 49
24 45
13 58
48 53
24 16
49 35
46 17
63 53
43 58
24 15
41 23
47 40
20 8
29 7
56 13
6 20
51 17
34 49
19 40
18 62
9 21
39 63
4 19
11 12
60 53
52 28
58 61
36 12
38 8
33 54
9 62
46 52
54 28
14 31
13 34
46 20
29 51
63 41
38 0
37 43
50 34
54 32
35 46
9 39
19 23
19 29
15 0
51 22
0 24
8 20
35 52
20 6
61 58
37 59
15 42
20 37
40 9
31 41
35 54
45 8
52 60
14 4
46 49
61 48
22 12
38 27
37 41
39 3
49 33
22 58
13 61
15 11
58 43
47 39
4 39
23 53
48 54
32 29
54 0
35 28
27 52
42 38
30 0
59 54
63 51
25 8
18 22
9 37
4 58
35 57
61 13
4 44
44 35
7 23
8 57
10 45
1 49
37 20
21 29
49 22
14 48
4 15
46 11
36 39
55 36
48 57
30 49
25 52
37 58
42 21
4 38
30 33
28 16
61 34
13 41
58 15
57 61
20 8
46 14
1 32
56 19
11 48
15 44
10 24
54 18
35 27
40 47
61 52
63 48
22 21
59 33
5 6
55 0
61 34
51 54
21 47
26 11
39 30
52 24
62 42
4 8
50 29
30 20
12 45
38 0
45 55
10 20
47 10
43 30
11 3
38 8
62 19
36 29
57 39
47 60
53 23
28 19
17 2
27 2
33 24
46 3
21 10
38 60
25 46
4 2
35 4
41 61
20 28
26 9
59 23
51 54
31 20
58 40
28 21
6 51
7 23
15 37
60 61
47 9
16 28
54 32
18 41
1 26
5 41
52 24
21 14
44 57
3 39
1 54
4 56
14 24
5 17
3 11
3 31
39 1
1 17
17 53
5 18
41 9
19 62
63 32
41 1
13 8
11 43
33 15
50 12
39 18
15 53
62 38
35 61
39 30
23 36
55 57
2 40
13 5
23 5
26 48
18 56
32 14
62 36
50 1
52 12
57 60
2 12
0 44
23 30
28 46
28 12
16 18
47 25
35 21
61 39
34 7
45 10
8 50
17 37
14 8
10 59
58 25
28 30
46 15
13 36
36 33
45 34
46 38
25 36
9 33
10 35
49 9
34 0
24 31
48 39
57 34
29 15
18 37
8 5
2 44
43 23
63 2
47 35
15 45
12 5
39 63
15 23
47 14
24 33
5 37
31 21
47 12
63 31
12 13
25 60
7 46
27 26
47 56
53 44
26 17
0 30
32 63
15 19
60 53
17 0
51 50
46 7
28 42
63 50
34 8
58 55
36 28
53 8
52 31
44 27
11 36
55 50
51 29
28 63
61 58
8 44
15 11
1 27
23 15
51 47
18 44
40 24
12 9
9 54
53 29
57 35
43 56
30 16
25 62
27 48
39 1
13 14
38 15
42 5
8 55
30 6
63 30
28 55
15 0
41 0
35 33
45 40
6 3
27 13
29 24
56 23
41 48
42 45
8 48
39 63
14 20
8 6
23 59
63 60
5 16
24 60
9 25
50 11
53 37
37 47
55 39
3 37
24 46
62 26
34 58
31 53
24 20
61 41
17 28
16 14
27 18
54 56
22 23
8 57
32 52
62 43
17 5
6 60
52 1
40 3
41 19
10 13
59 2
54 3
41 15
16 27
5 18
17 29
18 46
58 52
23 50
1 14
34 21
52 28
50 5
33 51
58 6
26 44
53 23
35 52
50 53
36 39
2 53
51 28
18 57
41 30
34 7
18 56
37 19
32 34
36 7
45 50
13 5
15 20
49 31
50 53
40 18
62 6
15 61
22 3
15 30
11 53
43 30
23 12
38 43
1 54
32 60
50 25
24 60
11 0
59 31
38 45
27 55
51 14
38 7
23 29
3 55
61 21
27 15
31 42
57 5
7 23
2 19
50 0
12 21
12 33
53 5
47 26
23 44
37 55
54 47
10 53
36 60
15 49
18 44
14 26
54 17
59 20
54 45
32 34
0 17
46 15
51 24
21 12
36 47
17 61
31 47
12 34
45 16
37 15
16 15
53 14
44 1
40 26
25 41
29 30
45 16
16 27
37 54
34 43
6 48
50 34
35 24
1 2
59 15
5 52
2 25
49 10
14 15
28 55
32 26
21 44
38 44
62 31
30 18
35 17
17 37
12 60
36 15
5 54
60 62
5 25
55 48
54 35
29 41
42 54
22 14
53 40
27 11
2 35
43 61
31 57
4 26
8 31
22 40
8 6
54 1
43 22
52 33
29 48
21 45
5 37
35 1
17 33
18 60
56 8
12 43
48 31
57 18
59 58
42 21
25 46
28 8
3 17
40 2
0 10
24 59
41 35
28 46
53 9
12 9
56 21
63 29
41 36
54 32
12 22
52 53
46 37
8 56
17 12
61 22
32 43
4 39
41 3
15 13
17 31
52 53
6 2
10 49
8 63
21 60
60 59
23 4
16 12
40 59
6 31
29 21
59 20
14 61
63 21
35 14
42 33
26 18
28 50
33 54
44 32
0 55
32 41
9 59
2 6
50 12
59 22
23 60
53 0
52 16
35 24
61 62
63 21
5 45
9 63
46 23
24 38
48 6
41 48
38 53
12 26
35 43
27 2
41 36
27 44
61 39
8 23
41 35
38 63
38 14
35 10
41 48
7 44
54 43
15 32
57 11
57 43
37 34
44 41
44 49
35 29
55 18
6 57
23 11
49 45
13 44
27 28
34 48
50 32
10 52
11 1
30 32
34 22
37 47
26 2
63 32
16 52
9 63
13 51
19 56
7 52
38 44
46 51
25 35
60 32
48 14
54 40
17 0
51 57
37 15
17 54
15 27
1 56
40 63
25 44
53 30
33 28
34 28
17 56
36 17
39 23
0 47
21 32
62 63
18 57
10 21
42 0
59 58
38 36
30 51
8 15
29 47
53 26
50 36
24 56
18 24
18 54
19 15
46 32
22 1
50 34
17 56
39 44
52 34
33 37
28 29
62 12
27 5
16 32
54 15
27 52
17 56
5 39
63 12
38 35
24 15
16 35
16 15
30 7
21 56
18 3
13 51
33 20
20 56
24 55
49 46
18 61
58 31
42 38
60 63
4 24
26 53
30 3
51 12
45 25
31 35
24 0
12 19
59 24
31 15
14 27
54 20
1 7
39 18
59 6
35 19
43 56
24 58
49 29
30 5
40 58
46 48
39 18
62 36
26 10
40 44
48 60
8 16
30 50
33 57
11 14
54 17
30 35
56 2
32 61
60 63
31 7
25 34
20 34
19 29
23 36
16 29
61 42
44 30
39 29
19 32
11 9
44 8
10 41
14 24
9 17
42 8
33 7
18 13
5 31
11 58
14 57
22 28
1 13
41 29
4 3
41 31
29 17
34 25
38 34
35 14
2 46
53 0
15 6
21 52
15 21
13 3
51 56
9 43
17 44
2 8
9 60
36 7
14 12
55 15
51 34
26 44
12 21
23 49
3 45
3 47
7 18
54 0
6 52
24 32
28 59
26 1
31 35
57 34
17 16
39 16
25 47
2 58
23 8
12 41
14 29
22 55
21 36
49 52
15 0
10 17
59 62
45 39
