90
46 18
57 0
31 54
63 2
54 59
63 28
14 33
4 53
47 15
60 35
1 7
44 50
54 24
3 17
26 60
22 33
63 43
35 21
30 50
3 10
37 10
54 37
14 15
9 42
61 40
14 43
39 1
38 46
15 46
53 0
44 34
51 0
7 52
2 54
59 47
17 51
35 2
14 8
9 62
3 21
8 35
3 23
29 25
29 24
16 50
50 16
49 37
22 58
46 34
56 26
10 46
10 48
11 29
36 51
6 14
10 17
40 57
33 12
1 19
35 39
38 55
31 60
57 15
2 51
29 51
25 58
51 42
21 41
42 25
46 30
45 39
34 63
0 40
60 37
23 36
40 62
11 2
31 23
18 27
17 62
41 54
52 59
34 25
2 60
39 60
11 0
6 58
37 32
24 57
55 6
420
33 20
57 48
56 25
19 36
23 61
26 2
47 54
55 60
57 21
17 6
20 47
57 51
41 11
4 50
13 40
20 0
62 4
61 1
35 12
1 31
37 25
62 63
35 33
16 62
6 59
34 63
10 54
14 38
35 16
36 57
25 2
39 34
51 54
27 41
22 31
42 59
25 30
43 30
52 9
11 18
63 45
13 14
20 51
13 9
0 8
45 33
19 9
4 20
26 49
15 38
7 52
32 46
33 61
1 26
35 42
47 24
15 22
31 4
27 47
7 53
33 37
14 35
8 49
43 40
48 21
5 18
39 46
21 15
48 56
29 5
6 5
31 24
0 38
0 57
1 13
29 2
47 55
59 11
10 12
25 7
6 0
9 38
31 9
56 1
0 17
24 0
19 36
26 29
60 15
31 44
2 53
51 21
24 39
17 57
63 58
46 1
41 20
60 12
36 54
9 35
52 10
4 25
27 17
43 5
23 11
5 57
63 4
9 52
20 10
2 8
31 32
51 32
12 3
53 39
41 28
17 15
4 10
6 17
60 36
56 25
16 55
15 39
3 13
21 38
50 26
52 7
28 9
7 5
32 58
25 17
55 40
2 34
63 55
18 40
19 16
43 36
7 50
62 54
42 56
19 62
12 51
4 49
55 15
47 54
11 0
29 59
43 60
22 0
37 36
10 49
44 45
51 26
15 36
4 51
34 58
32 60
7 17
18 55
36 56
19 39
50 20
50 58
2 63
22 1
34 22
40 8
52 27
50 61
36 24
60 5
59 32
7 19
38 28
54 59
12 26
33 54
24 47
5 44
55 8
17 2
37 6
2 22
41 37
14 41
8 13
19 53
26 19
10 36
31 30
7 50
53 48
22 42
54 62
41 63
11 18
14 41
63 37
58 53
25 22
22 32
42 3
18 57
24 27
2 20
22 34
13 34
19 18
3 21
37 28
6 47
61 21
50 36
33 43
13 17
41 11
14 18
1 28
54 37
24 46
20 14
36 34
25 34
50 20
45 18
38 53
50 17
12 22
9 22
63 2
3 60
18 4
42 44
10 20
33 56
54 25
40 55
32 13
17 56
51 8
47 3
52 54
25 43
37 12
34 42
25 28
7 12
22 42
19 32
25 13
44 40
35 39
37 15
62 51
56 59
51 12
37 30
27 34
58 20
59 29
19 26
41 3
38 1
40 60
8 17
41 26
14 17
22 38
38 21
57 30
20 51
22 16
24 0
25 3
52 43
14 62
37 43
62 24
36 3
48 9
46 27
4 27
30 29
63 12
17 7
41 5
24 4
31 27
4 2
19 32
21 59
43 56
60 63
46 51
8 39
57 9
35 38
57 28
49 45
28 30
47 21
1 31
15 16
51 8
38 17
35 15
9 11
3 41
38 42
42 37
63 10
15 47
10 52
12 23
5 1
33 18
56 45
11 18
23 50
51 17
15 11
61 9
60 18
29 5
37 56
31 48
16 63
7 14
41 32
33 6
27 23
10 8
47 0
41 9
38 34
7 16
19 17
18 10
15 6
31 12
2 61
15 16
7 34
22 33
37 54
62 7
22 17
22 61
60 23
43 60
22 1
57 46
45 3
45 19
13 55
28 39
5 29
61 31
0 8
62 4
53 28
43 61
5 15
24 12
5 43
34 19
14 9
15 32
51 41
5 44
2 48
5 29
53 19
20 18
46 48
33 41
30 60
15 47
12 19
8 37
46 10
39 26
50 28
30 13
24 27
14 34
22 2
29 5
18 42
34 2
33 32
24 60
32 40
63 23
22 4
18 17
60 56
62 0
11 43
56 4
50 60
16 62
17 0
33 10
52 21
22 10
24 57
29 60
19 30
13 45
15 50
37 29
34 51
23 60
14 59
21 47
42 57
18 43
41 5
57 15
49 52
