130
46 58
58 51
58 13
43 18
5 31
1 54
44 51
51 17
9 36
59 26
48 45
0 34
47 23
61 29
52 8
12 41
20 26
48 12
17 28
14 37
51 47
48 26
50 29
57 24
33 50
3 55
22 7
30 31
58 11
36 34
35 53
36 63
57 34
13 55
20 8
9 32
43 28
59 24
35 36
18 53
52 36
21 30
46 26
39 9
45 53
3 42
28 46
34 37
39 0
44 63
55 19
32 20
31 54
46 22
53 57
27 30
10 20
42 26
24 40
29 2
53 62
3 30
53 7
27 5
32 30
19 43
40 50
45 19
24 23
15 26
47 20
43 26
51 50
1 23
28 49
1 17
15 58
2 13
9 53
50 17
6 24
62 19
43 4
31 40
40 59
31 45
59 21
44 15
15 56
34 6
42 51
54 33
6 27
43 51
21 27
56 30
49 35
46 33
39 27
43 48
19 62
27 40
18 43
59 54
43 54
17 28
33 18
49 56
37 45
58 24
48 12
31 30
60 44
10 5
34 12
1 12
63 34
44 22
49 21
36 0
38 12
47 3
45 55
0 9
4 49
9 16
47 50
18 5
34 61
51 38
1620
55 24
58 52
34 59
38 29
8 59
21 32
46 40
11 44
50 8
49 32
2 26
6 17
2 60
5 33
47 20
44 28
7 24
9 10
1 26
56 7
61 19
15 32
22 15
18 52
35 61
49 45
62 35
0 63
63 40
6 4
22 2
24 0
15 49
33 45
40 51
63 23
61 0
51 2
20 1
61 22
14 45
2 40
29 3
27 60
4 62
2 58
62 18
5 40
37 59
53 55
33 3
52 41
6 62
19 46
8 9
36 57
29 58
53 3
53 6
25 60
20 4
32 24
25 47
12 37
11 41
29 32
33 31
28 16
29 61
29 63
27 32
43 9
7 38
62 43
21 19
15 13
43 55
56 46
9 52
16 43
6 46
34 63
42 33
62 54
9 37
41 12
7 12
35 16
23 35
10 39
58 17
12 3
44 55
22 19
20 49
10 57
29 47
37 54
44 47
21 54
58 9
48 21
48 63
7 25
35 18
48 8
36 5
46 25
11 54
26 23
44 30
2 32
14 45
31 3
6 20
0 49
62 6
38 56
52 7
22 5
23 55
24 8
48 50
15 34
35 9
54 3
5 23
54 3
60 1
26 61
61 30
30 24
61 48
60 40
46 3
43 35
1 17
63 55
25 14
16 17
22 44
51 12
15 39
44 31
25 61
61 4
18 22
1 10
12 19
45 28
61 19
15 41
57 63
41 39
18 33
51 61
38 21
51 36
7 8
22 14
50 32
11 23
0 39
0 24
2 54
51 54
6 12
35 14
4 27
46 57
18 33
6 32
23 35
52 4
33 30
16 54
10 33
38 15
0 11
8 18
32 44
37 52
54 48
56 59
29 50
18 50
55 43
35 42
21 12
32 57
2 48
36 3
12 21
18 12
58 41
29 33
9 30
56 45
47 62
30 14
55 42
12 25
52 8
62 11
20 24
25 51
11 5
37 7
0 50
20 2
6 53
24 60
61 28
24 30
39 28
47 38
35 28
14 16
14 4
15 21
15 11
29 28
61 56
26 6
1 49
12 52
25 10
53 55
31 23
33 34
42 52
30 8
21 52
28 13
19 10
26 38
3 35
2 5
14 18
45 55
58 46
32 43
7 44
20 43
52 2
26 43
58 37
9 44
28 52
22 57
49 54
51 45
42 14
48 8
22 43
26 3
33 43
53 25
54 6
12 52
32 5
5 3
24 16
29 13
49 51
48 0
6 45
46 22
20 2
12 20
3 19
29 24
32 45
36 5
14 10
0 56
35 37
31 11
63 43
56 39
33 1
10 37
19 4
61 26
33 2
47 62
27 51
0 46
49 37
36 8
54 6
21 58
4 3
18 8
17 8
34 59
51 56
50 56
51 6
5 15
61 0
56 47
3 1
58 40
63 3
38 40
51 53
27 24
5 11
43 16
56 45
25 4
46 42
2 13
38 55
13 9
57 55
49 58
17 0
8 10
45 30
29 40
36 7
26 53
25 38
58 15
6 50
33 41
37 53
22 24
62 33
37 63
6 44
10 16
18 2
20 31
38 58
30 9
20 47
3 14
34 50
19 5
56 43
36 39
2 7
43 49
40 55
17 6
13 42
19 58
47 46
26 59
18 42
7 23
17 55
18 12
44 8
12 23
27 26
7 9
8 23
39 63
13 2
49 25
24 3
39 40
32 48
4 56
44 33
51 12
21 45
4 32
2 34
51 35
51 29
47 53
19 27
2 25
21 60
23 32
9 11
34 51
20 12
49 6
33 38
56 48
23 28
59 21
22 33
63 29
31 27
41 12
35 43
53 30
27 58
52 28
51 2
24 22
54 27
38 46
27 51
0 18
33 43
8 45
60 53
45 36
0 5
26 42
58 53
49 50
11 63
51 15
4 15
11 6
11 25
17 8
21 60
50 29
18 28
45 26
40 34
25 23
27 9
59 18
10 43
37 20
2 11
62 20
58 42
28 51
39 38
51 54
24 52
42 49
45 14
18 41
24 57
35 57
19 40
24 49
62 45
5 51
58 29
43 30
4 52
1 2
56 54
11 7
50 62
15 43
46 56
63 12
39 7
33 16
54 51
45 5
60 55
15 28
26 15
56 34
47 63
57 56
61 3
32 50
18 33
58 12
8 7
26 47
32 20
21 19
36 48
13 16
40 6
34 51
35 11
12 56
30 50
12 35
36 12
8 43
56 14
57 37
17 13
56 17
37 32
4 34
40 14
45 60
4 37
55 8
39 50
34 19
39 2
58 61
45 42
59 62
15 24
10 5
3 8
50 4
10 53
7 16
56 6
46 18
17 59
34 58
29 23
14 51
55 14
1 8
5 36
38 3
27 59
46 47
47 3
17 53
6 55
7 41
34 11
17 22
9 51
61 49
53 56
28 43
27 4
9 44
28 32
63 23
13 24
48 6
60 62
54 25
33 14
42 26
47 62
28 46
26 36
22 63
9 31
18 50
43 5
46 16
41 47
41 62
14 19
36 0
37 40
43 63
49 11
34 16
14 18
11 21
34 61
22 3
35 27
63 32
33 58
21 0
12 45
33 43
13 50
57 38
3 51
58 45
11 25
33 42
6 25
61 35
52 3
26 25
51 32
42 16
7 4
5 28
0 21
49 17
53 30
36 32
57 16
48 8
12 14
16 62
56 29
49 41
54 28
26 9
31 14
17 53
15 22
51 63
52 29
51 42
43 46
11 34
62 26
33 46
6 31
53 55
20 7
19 26
46 12
49 35
27 30
10 59
20 13
22 43
3 5
38 12
58 3
17 45
63 14
45 1
50 6
50 46
13 48
39 46
61 27
31 36
23 63
10 27
61 8
16 14
1 6
21 34
43 47
43 16
0 10
27 0
40 29
44 35
21 18
17 35
58 26
53 18
32 18
59 43
34 58
51 11
8 4
19 43
17 7
43 14
24 47
39 20
34 15
4 3
56 48
2 19
56 7
18 9
6 4
53 21
54 25
44 28
17 8
17 46
28 19
32 31
10 31
52 42
53 14
2 48
62 41
3 58
53 40
28 2
31 51
32 43
50 28
31 28
50 34
30 39
52 47
35 53
41 37
59 63
30 57
24 54
26 59
9 21
8 51
35 40
51 32
36 27
39 45
43 35
60 48
32 53
46 30
9 60
21 46
62 20
52 19
52 60
63 49
50 59
37 10
55 2
49 52
40 12
2 10
15 48
4 25
60 16
18 20
47 21
19 12
7 23
17 32
22 51
41 25
27 1
25 15
34 8
59 60
17 54
35 6
52 28
13 35
53 49
20 52
51 39
63 35
45 33
55 13
50 15
51 49
54 4
11 57
6 32
44 0
3 50
54 14
62 57
19 26
58 25
49 33
60 51
46 12
30 57
31 13
59 39
20 47
34 37
52 2
32 39
16 33
47 38
9 22
8 44
16 45
1 51
60 57
61 22
50 12
15 56
29 23
39 24
37 24
30 11
10 35
36 34
10 43
44 0
62 35
41 19
34 39
44 48
3 28
19 4
15 50
7 43
41 0
27 46
34 48
12 21
46 62
17 61
8 17
9 60
11 61
44 23
21 49
15 31
25 31
16 24
5 38
40 8
37 40
59 51
56 57
55 41
47 40
16 36
61 5
36 6
9 58
22 1
38 11
48 21
14 15
55 62
27 35
37 3
36 17
50 49
50 42
44 6
59 27
41 7
16 4
20 5
27 39
33 13
24 32
27 49
43 2
50 39
22 62
32 19
5 30
37 43
21 63
18 4
32 12
30 22
0 4
45 54
19 41
4 12
18 59
36 15
21 27
28 7
5 3
43 50
20 50
24 42
34 1
47 60
43 48
41 30
47 35
6 41
10 27
30 13
10 11
25 14
29 49
24 49
1 21
5 55
22 38
23 52
39 6
28 56
18 38
3 18
29 42
0 31
41 14
29 22
2 46
7 50
26 17
36 0
31 62
13 62
4 40
35 47
24 13
50 8
44 53
2 33
21 10
53 38
41 0
45 32
60 30
37 16
1 24
10 62
36 15
55 22
24 43
58 30
48 36
10 59
59 43
39 10
46 8
43 34
39 56
17 37
34 61
39 8
12 10
27 53
34 9
61 52
35 21
61 26
25 37
31 16
44 6
2 26
11 30
13 21
7 38
62 61
34 15
54 59
36 55
49 17
3 42
34 55
59 41
22 13
31 0
2 59
53 50
9 8
9 56
27 60
20 52
18 36
3 45
55 18
13 62
37 56
26 0
6 34
37 15
24 61
56 60
39 55
35 41
0 38
27 51
53 49
29 37
43 3
36 7
45 53
27 25
29 43
19 56
17 30
1 30
15 28
25 63
30 36
23 26
19 32
31 24
5 23
32 57
0 28
3 53
9 48
12 7
36 44
57 46
39 51
50 5
11 2
24 26
19 28
54 52
10 13
31 41
55 56
24 50
16 25
28 38
8 4
29 60
24 4
51 4
30 36
63 10
36 38
59 53
6 29
28 20
10 2
6 26
57 14
58 47
11 19
17 27
45 41
22 52
7 54
37 9
52 31
55 23
27 55
49 53
30 41
26 36
43 27
5 43
41 24
35 20
62 45
48 57
63 49
50 30
9 63
43 57
46 23
39 10
17 12
43 19
24 9
45 36
47 42
17 36
30 37
41 12
52 58
20 0
5 40
20 57
27 20
23 21
11 0
14 60
54 28
7 6
19 34
62 56
38 57
27 2
54 32
3 28
61 39
51 14
16 27
19 24
14 18
46 29
23 49
35 62
2 0
54 42
56 1
34 63
50 24
50 59
45 33
35 46
19 49
0 43
56 57
42 34
6 11
31 14
11 34
50 23
24 32
3 26
40 23
7 58
35 37
62 40
33 42
55 31
19 30
10 18
40 12
60 37
12 14
11 18
22 31
41 35
32 56
13 38
60 40
61 19
51 11
16 43
7 59
51 29
63 34
39 6
17 29
41 23
10 36
53 29
29 23
19 25
51 24
31 12
11 25
27 9
33 43
49 16
28 39
19 20
47 25
22 6
15 57
57 62
37 23
27 3
9 41
6 50
13 46
54 43
4 13
56 38
5 40
16 45
26 21
0 46
38 44
13 20
7 54
33 9
35 30
6 17
63 28
29 36
19 26
36 43
15 1
14 27
45 23
13 1
39 35
28 12
17 41
33 12
2 50
60 5
8 54
28 10
13 51
60 47
63 43
22 49
44 59
40 0
30 11
14 50
45 41
53 41
56 2
55 48
59 58
16 54
21 4
31 35
37 62
40 61
50 15
52 32
63 23
7 47
22 55
32 58
60 13
61 59
59 18
22 60
1 46
22 26
22 42
10 11
44 23
37 40
32 15
50 52
7 32
27 23
39 19
28 36
16 7
29 53
55 9
63 53
0 51
43 51
26 24
59 4
56 22
5 37
54 15
53 40
6 16
44 35
29 19
36 49
22 50
53 19
38 19
23 38
9 61
3 25
11 62
45 39
5 3
27 15
34 5
13 23
41 38
57 33
23 15
28 14
38 5
0 40
38 21
28 35
32 38
62 32
45 15
3 32
26 29
30 41
13 48
61 10
30 19
55 44
37 62
0 18
13 11
62 33
37 50
41 0
60 63
24 3
56 44
39 54
6 29
13 37
11 30
45 18
7 56
42 56
25 57
8 42
2 5
61 39
47 0
27 36
10 32
49 3
57 53
16 45
38 45
51 52
37 17
5 19
23 12
34 7
60 29
56 6
11 56
60 49
53 39
23 15
45 13
19 63
55 8
36 47
4 60
60 14
47 55
53 4
28 61
43 57
56 8
17 27
22 39
36 30
22 21
61 4
47 14
40 48
54 49
20 28
26 56
10 53
0 15
51 3
15 16
17 60
23 46
32 0
8 16
60 63
44 29
2 3
12 18
45 15
15 60
41 15
36 20
14 55
5 35
60 56
55 37
25 58
48 19
60 43
8 54
14 29
41 2
27 53
13 26
3 29
37 48
56 42
29 16
36 52
18 38
47 29
17 3
60 27
21 56
22 17
4 9
48 54
30 13
34 19
51 17
53 56
62 63
31 58
20 41
13 48
17 62
30 56
14 53
13 42
30 34
21 15
52 58
23 35
57 14
59 0
5 3
9 3
10 41
11 44
43 18
9 46
41 52
33 36
41 49
37 55
20 53
61 33
5 29
50 43
32 1
30 58
21 17
44 63
63 20
6 60
23 25
59 44
58 25
48 31
6 1
2 41
46 48
42 57
33 55
31 15
17 32
20 30
62 20
19 14
17 57
47 44
42 3
38 8
26 28
32 36
23 7
62 13
3 54
18 10
5 16
56 46
4 33
50 5
55 42
17 45
58 48
6 24
50 63
28 9
50 36
51 0
34 54
2 36
50 6
27 1
49 43
48 28
10 30
8 50
15 10
46 4
59 63
32 52
16 6
3 47
18 26
31 60
2 49
16 40
58 53
48 61
4 18
39 33
10 41
1 12
45 4
42 3
44 27
46 21
7 40
44 53
44 6
10 27
8 26
52 47
36 1
63 8
56 18
38 18
37 12
31 14
59 26
36 21
33 20
34 6
63 39
5 50
44 9
12 62
56 38
9 24
59 63
50 29
52 30
30 39
55 29
20 45
24 48
20 39
51 20
20 37
38 31
36 47
61 42
24 35
55 31
40 62
0 2
24 32
32 44
11 60
49 36
39 22
55 5
63 29
20 61
49 8
33 41
47 29
57 16
56 30
62 44
30 0
7 41
17 58
54 18
32 3
2 47
41 60
51 23
41 24
53 23
27 41
58 19
51 21
41 50
54 8
20 47
24 19
50 46
7 51
58 28
28 44
26 59
24 47
43 8
55 29
10 59
20 3
39 4
11 17
5 3
36 52
29 26
7 44
29 19
12 7
54 11
55 10
10 1
2 3
45 40
48 43
49 32
1 6
6 14
37 9
63 18
34 41
27 40
35 63
27 55
2 45
48 49
2 14
0 36
53 18
18 56
39 5
12 25
59 22
25 49
59 38
5 52
54 18
48 23
63 60
54 41
36 44
47 58
4 37
30 16
17 53
54 15
41 10
53 33
24 33
27 30
35 58
40 60
42 51
14 32
26 27
16 39
43 22
2 30
58 34
45 39
29 3
41 7
36 38
3 10
21 37
17 4
3 59
61 18
33 50
55 41
14 30
58 3
10 18
7 2
49 58
32 24
53 40
52 17
60 24
9 47
9 46
54 53
0 14
11 40
63 47
6 60
22 59
10 17
29 43
40 27
24 36
1 21
10 19
61 58
52 55
30 14
16 10
32 52
28 5
58 54
43 19
16 28
45 17
0 10
32 51
26 8
33 6
23 51
29 59
25 7
43 47
20 38
34 53
30 55
