210
46 62
38 0
12 8
51 28
35 13
45 28
0 63
40 35
27 8
58 42
16 7
56 44
20 1
56 57
6 15
26 46
35 36
56 5
9 56
43 12
39 50
1 61
52 60
3 12
14 35
16 20
10 33
3 63
43 52
3 57
8 23
26 20
5 1
18 24
11 62
18 22
18 13
33 60
50 33
41 24
51 27
53 50
3 63
13 30
57 2
23 59
30 3
42 18
33 36
14 16
3 60
28 5
17 11
0 59
34 45
20 32
56 49
47 59
44 48
25 2
63 60
4 33
37 40
9 17
26 6
59 56
48 11
33 16
7 16
19 1
34 36
1 38
26 34
32 29
20 43
50 1
19 13
57 2
7 57
19 61
62 4
11 46
11 59
7 37
55 59
4 49
61 29
10 56
3 42
52 17
37 19
28 29
40 56
44 1
16 48
2 40
60 53
55 31
57 61
57 46
34 0
47 51
56 38
7 61
48 15
19 21
42 29
40 26
63 53
51 10
15 21
6 13
37 10
57 50
25 0
40 44
40 57
46 21
51 52
14 11
40 25
61 3
7 4
30 43
10 34
44 7
29 43
56 30
28 40
51 15
0 27
12 14
47 5
29 56
5 29
35 6
46 1
26 45
16 43
0 63
57 19
5 15
26 6
51 14
57 38
29 41
44 45
4 44
44 19
32 1
12 17
25 51
28 2
24 11
51 53
50 19
58 24
59 10
5 35
42 12
38 22
14 19
26 24
55 28
25 47
41 50
59 0
1 2
1 30
41 30
60 2
8 41
44 48
59 33
7 12
51 11
18 39
57 24
7 31
29 50
57 16
1 40
30 25
20 63
39 10
7 35
28 37
36 5
61 18
23 49
52 34
25 58
7 8
60 45
0 36
40 29
18 2
44 30
50 14
63 49
10 47
28 52
13 63
47 8
5 52
32 17
2 53
40 3
12 37
44 39
6420
35 11
42 46
55 38
7 32
48 36
44 33
41 15
46 52
47 31
41 17
7 25
19 9
57 59
0 48
54 38
39 15
36 53
7 57
2 11
9 56
55 0
51 18
24 0
46 51
13 61
22 3
51 36
48 42
21 30
36 41
59 7
43 51
17 42
45 39
40 15
54 15
37 20
2 28
41 10
17 22
24 57
56 11
6 51
26 27
34 39
14 15
53 47
50 24
22 25
53 39
56 13
10 58
42 59
10 33
2 59
3 61
50 10
55 53
40 52
11 61
54 44
48 36
13 42
50 47
19 2
32 42
45 33
13 53
47 1
7 59
36 34
30 28
48 6
59 26
63 32
38 1
49 10
27 58
14 18
4 1
28 18
20 7
22 24
46 29
49 62
60 2
51 9
16 24
57 53
13 44
25 8
39 0
51 19
14 39
39 61
56 15
42 19
4 53
63 17
56 50
29 1
44 41
40 25
11 34
13 25
35 9
28 61
32 7
46 36
48 8
29 17
13 27
30 32
57 20
9 61
9 28
57 32
9 20
2 62
36 2
35 50
22 13
19 55
33 62
26 35
44 16
49 27
1 22
36 4
41 12
37 6
26 16
46 8
25 46
23 20
36 62
55 60
54 16
4 13
29 52
13 6
22 40
31 24
21 38
47 55
10 22
57 63
16 37
62 31
25 5
6 61
62 32
57 10
31 29
29 1
60 46
8 31
11 58
8 7
53 22
44 8
50 5
54 56
9 7
43 44
55 28
41 10
55 0
16 44
43 62
48 35
15 30
12 42
60 16
55 28
10 27
40 54
17 25
7 32
11 10
5 4
56 20
60 44
52 46
48 54
62 22
43 61
54 15
23 57
49 50
0 21
4 31
54 43
63 32
17 45
9 38
30 33
43 23
35 38
22 28
51 22
37 7
59 20
51 32
18 13
1 7
57 14
44 6
21 29
20 53
2 37
4 23
7 59
62 36
46 25
51 34
20 47
1 36
15 27
63 4
60 43
23 29
1 43
49 34
49 58
51 39
32 63
25 32
29 19
51 52
25 46
15 53
18 57
58 45
53 10
48 50
24 42
2 52
24 11
55 34
5 35
24 37
61 30
41 6
61 26
22 20
32 62
33 17
63 49
54 27
12 51
23 46
37 34
9 17
6 20
62 24
42 46
61 47
7 47
10 17
34 32
1 50
1 41
49 44
61 47
36 22
42 48
19 4
19 46
38 53
27 20
12 24
20 16
34 55
58 26
57 14
59 42
7 40
51 13
4 21
23 37
55 21
42 15
11 52
24 50
41 20
33 62
28 43
20 41
18 31
19 12
41 13
1 18
16 20
37 2
30 39
44 39
50 29
6 38
22 33
21 2
34 44
44 14
5 44
43 32
47 46
27 2
7 39
55 27
27 12
31 59
15 55
57 59
15 16
40 51
39 20
52 5
35 11
50 37
34 28
8 28
59 39
27 41
45 16
61 17
53 37
29 11
2 40
54 39
2 44
41 6
19 58
53 47
23 45
11 27
60 14
53 25
46 50
36 31
29 21
63 37
26 45
56 22
25 30
20 46
29 15
36 61
42 62
19 50
31 45
46 19
33 23
47 48
48 33
14 54
29 3
51 42
62 9
3 62
50 13
60 48
57 42
11 48
3 44
47 53
3 47
36 3
43 1
3 35
16 41
32 62
43 61
54 19
23 32
48 25
46 29
44 39
22 37
21 3
38 0
56 28
37 19
26 9
39 25
51 23
5 9
8 15
58 6
32 33
47 1
46 5
40 21
25 27
22 60
61 0
22 24
21 25
0 43
23 6
62 15
52 8
27 18
27 61
47 22
29 1
25 45
36 45
46 31
34 6
8 3
20 48
9 53
59 51
28 20
1 57
13 2
28 8
40 13
58 60
25 45
0 41
51 47
12 43
16 0
7 30
10 22
53 47
49 28
8 37
33 43
20 12
37 15
43 5
30 28
36 13
13 40
55 17
14 23
12 25
16 40
7 53
19 18
8 28
54 51
19 34
31 54
40 22
62 8
11 28
31 53
44 30
13 20
55 58
25 50
57 58
37 58
10 49
23 59
48 14
9 1
6 55
43 26
51 16
12 55
32 43
46 27
39 47
15 63
16 8
1 46
18 27
40 44
38 29
19 44
61 25
41 42
40 19
55 8
18 8
16 1
24 61
38 49
50 47
7 8
55 40
10 54
39 4
15 26
52 24
44 56
14 28
62 14
53 44
9 63
7 58
1 19
5 47
7 5
50 25
22 50
48 20
27 62
62 32
17 56
7 20
0 9
0 42
37 34
37 9
27 61
20 50
53 59
56 41
16 59
53 14
0 53
60 20
15 8
24 60
24 49
40 57
8 59
61 40
19 46
1 37
33 9
53 15
39 0
46 27
49 50
1 46
6 4
26 37
47 16
62 59
34 39
0 24
35 54
28 20
44 9
35 3
3 40
0 9
54 40
50 6
62 2
11 35
61 42
20 33
46 63
41 29
41 35
58 63
59 54
49 1
45 47
9 17
42 45
39 41
63 2
22 7
7 56
30 2
20 10
29 7
27 56
52 61
58 36
27 31
19 34
24 52
11 25
22 60
13 59
23 52
60 22
38 62
38 43
33 9
23 51
57 5
12 53
42 38
26 25
22 18
42 12
56 60
39 62
29 20
21 18
7 11
54 34
43 32
61 13
22 56
25 40
55 32
58 57
26 22
21 2
9 53
11 58
11 44
52 0
27 40
50 31
18 5
51 56
39 54
36 27
49 15
32 49
56 35
38 17
11 32
23 58
0 29
45 27
16 7
52 9
6 45
18 12
16 55
13 36
45 3
2 0
48 31
59 29
4 44
32 50
52 62
56 34
34 40
8 13
6 28
41 32
4 22
7 22
54 59
50 62
32 15
35 27
8 5
16 23
43 56
27 28
21 57
12 61
28 35
53 7
21 9
20 31
44 1
16 41
44 31
16 1
30 39
45 60
9 49
62 21
43 32
17 1
40 38
60 9
62 15
0 48
54 37
4 17
16 51
57 26
55 3
11 54
21 1
35 31
62 40
4 20
3 42
49 42
40 0
9 36
6 32
62 24
19 45
60 33
34 13
28 32
22 0
2 24
56 36
39 22
56 7
19 23
36 45
30 7
49 55
10 55
22 25
34 56
59 29
34 28
39 23
59 10
55 2
54 6
21 31
56 14
35 41
17 20
8 51
45 60
13 21
4 21
40 56
28 62
37 49
38 33
0 15
23 19
43 62
17 50
53 59
19 6
0 48
43 19
8 57
3 27
20 60
2 15
19 18
10 41
61 53
44 13
12 20
57 30
34 62
18 46
60 22
24 58
0 36
19 0
39 34
16 63
14 34
7 52
48 49
31 26
42 20
0 9
28 22
20 9
29 60
53 52
5 55
8 40
59 10
44 47
22 27
51 63
30 63
35 42
12 0
32 52
13 43
63 32
30 58
20 49
15 53
59 23
37 29
53 56
63 44
43 58
34 11
11 61
35 52
63 42
60 44
41 55
61 34
5 14
54 17
30 14
46 14
31 58
48 35
53 9
30 54
35 54
44 62
32 35
60 62
0 57
44 42
18 5
18 13
16 2
10 15
14 31
47 38
57 19
57 13
22 20
40 22
59 27
36 0
35 7
58 5
25 45
38 43
6 5
31 28
36 0
52 27
3 20
27 32
54 29
18 4
5 20
53 25
49 40
15 28
30 42
37 62
3 47
8 34
10 52
37 21
45 28
21 38
25 2
23 0
55 42
18 31
56 47
2 46
51 2
35 32
8 45
33 8
20 3
12 51
24 32
55 60
61 13
63 29
34 42
7 21
56 21
62 36
12 35
49 10
41 0
40 3
24 15
25 52
46 45
40 32
56 40
62 2
2 60
25 48
32 25
12 6
5 15
38 8
44 53
27 20
28 53
28 56
46 22
24 14
1 2
57 4
54 6
51 31
22 38
14 22
31 3
58 60
17 16
44 17
34 9
46 13
63 3
6 11
35 6
39 0
60 47
34 1
22 15
33 49
13 24
1 39
13 57
44 47
13 32
0 54
38 53
42 16
6 52
5 30
52 2
29 56
21 32
55 62
22 15
36 58
33 63
13 49
52 31
12 3
39 11
62 38
38 60
33 60
44 34
14 62
19 54
45 35
7 48
19 27
47 7
52 44
23 22
63 35
1 16
15 37
9 14
25 0
6 22
40 18
20 50
42 45
35 40
3 47
44 15
38 18
2 34
37 56
5 60
27 63
11 45
30 35
48 21
56 2
25 34
62 5
18 25
19 11
21 60
60 33
56 8
2 11
21 53
43 39
44 63
51 38
23 36
32 14
9 49
14 57
54 20
62 25
53 63
4 52
21 61
29 12
34 14
8 36
38 19
13 53
33 26
8 19
37 51
14 30
15 13
47 26
17 45
35 3
40 43
2 45
27 59
11 31
41 0
43 34
5 46
28 27
38 13
18 62
37 45
46 54
54 30
58 29
3 11
59 2
44 2
29 41
17 52
8 7
21 43
11 50
18 25
44 30
43 16
52 44
44 36
51 19
43 28
2 16
47 43
52 37
59 5
17 30
2 19
7 10
51 28
16 30
22 21
7 27
47 26
34 4
34 37
25 0
52 8
20 63
18 43
50 40
7 38
15 59
27 11
15 10
31 16
59 63
26 3
24 50
27 6
6 47
27 42
13 38
6 54
35 58
18 46
45 47
28 48
31 55
12 33
39 26
62 33
15 18
50 18
23 29
42 40
38 40
38 61
62 7
61 57
62 19
10 34
48 6
39 52
6 21
23 41
31 14
1 23
39 13
14 31
24 31
6 14
20 18
31 25
9 19
15 57
17 41
36 22
43 10
4 10
11 54
45 62
15 25
34 3
51 56
15 12
0 46
25 60
3 2
40 46
19 55
35 26
63 6
51 50
1 24
45 18
42 13
18 0
5 34
10 30
63 2
18 50
51 26
16 47
27 28
19 40
58 59
2 31
60 63
18 9
56 3
59 58
2 34
62 33
47 18
32 59
54 9
9 51
13 3
50 56
7 61
17 21
22 38
60 32
22 51
45 37
58 46
14 21
55 14
43 45
22 63
16 53
59 57
17 4
35 28
50 8
36 44
11 19
59 57
33 9
57 16
49 60
58 62
35 20
62 39
55 62
29 18
38 45
4 2
7 52
39 54
10 58
61 51
12 36
42 36
16 56
57 40
25 54
22 50
6 0
11 41
32 26
43 57
22 51
36 50
16 26
9 4
0 47
36 59
31 12
12 24
55 24
20 51
49 45
9 61
52 35
44 56
63 60
55 0
63 59
3 9
34 10
61 58
1 34
29 27
51 30
17 27
35 32
55 37
49 56
11 7
41 51
57 28
45 11
14 1
21 7
4 57
54 38
4 25
29 22
34 42
58 17
31 51
15 9
61 52
17 50
10 53
34 39
3 20
28 53
49 60
19 31
26 31
9 58
25 22
22 58
57 59
20 6
47 19
62 45
53 9
13 19
55 17
17 35
27 4
44 59
13 51
8 30
60 50
23 51
24 33
40 37
38 15
40 35
13 31
14 25
16 14
48 6
62 33
23 56
15 6
12 38
4 19
24 0
63 28
15 45
1 56
51 48
13 41
47 4
24 35
51 27
34 10
20 33
60 46
5 12
25 63
14 35
42 18
50 51
43 8
21 36
16 11
4 16
49 2
0 56
22 39
33 59
47 19
22 0
32 40
5 32
51 40
35 37
27 62
49 13
27 47
53 19
40 9
12 4
55 39
42 58
5 27
60 34
5 43
3 9
11 17
23 38
47 51
51 5
3 60
24 39
48 57
39 0
52 26
31 4
28 57
30 4
14 6
50 47
10 24
30 51
35 25
33 24
58 36
60 11
7 63
3 8
36 7
43 61
32 47
62 19
30 27
36 5
59 61
63 24
17 10
17 47
59 7
21 54
57 42
39 4
21 40
54 35
56 39
29 40
1 39
31 29
30 26
24 56
33 23
22 58
54 60
50 25
52 8
8 35
45 14
55 3
46 57
48 31
56 0
55 52
60 47
38 0
10 13
25 62
33 4
24 59
10 30
5 15
3 2
43 2
51 37
57 51
35 48
16 1
31 42
15 47
38 51
23 24
56 60
55 10
0 29
56 61
0 9
44 17
46 36
4 21
2 15
8 59
9 12
5 9
50 29
43 13
0 61
25 50
23 25
55 22
23 36
6 51
12 27
28 12
1 48
25 24
55 53
24 21
34 18
52 1
17 6
35 8
16 1
18 25
25 53
27 58
23 42
8 23
22 58
62 46
10 40
10 31
32 22
18 50
5 57
11 61
60 25
46 26
51 31
43 2
45 9
3 48
33 9
50 53
15 39
49 9
43 38
20 41
2 61
0 32
32 44
2 12
52 4
7 53
21 47
46 61
44 1
1 16
25 46
33 0
4 29
51 31
11 50
21 58
6 4
6 45
11 4
58 10
11 38
22 17
42 4
22 20
37 50
23 21
27 10
52 17
35 38
45 4
39 14
55 12
42 14
11 8
10 21
54 36
24 48
56 13
28 21
44 25
43 29
4 11
18 39
42 36
22 58
56 36
10 26
62 56
48 44
12 4
23 40
1 29
18 5
1 11
54 24
17 44
35 29
41 22
16 27
12 55
4 21
44 25
13 40
35 19
39 52
11 48
10 53
14 36
10 2
54 30
24 26
52 13
6 33
32 12
40 0
25 44
55 11
22 33
48 38
35 6
40 43
51 39
27 55
20 30
63 23
2 19
38 19
23 8
55 20
42 16
4 0
35 19
9 27
54 12
0 8
37 63
41 6
7 51
12 0
40 4
18 27
15 21
46 34
1 7
6 39
62 3
46 35
7 0
28 21
36 63
45 46
46 44
49 62
39 41
0 37
32 36
56 54
41 47
22 38
28 39
12 31
28 15
22 54
23 52
5 48
49 24
10 21
20 24
43 39
12 62
16 63
46 62
60 7
0 6
23 57
4 3
52 54
41 63
24 19
35 25
6 10
29 60
34 60
14 11
42 36
51 50
20 61
43 36
54 15
2 62
51 33
47 44
48 18
18 36
8 27
21 46
1 57
20 52
60 21
11 21
41 49
21 53
63 23
45 23
37 54
44 0
59 15
17 11
22 55
20 63
23 19
50 52
3 26
43 60
51 18
42 16
3 53
30 35
19 52
25 43
35 51
18 59
29 21
28 59
11 38
26 10
32 60
20 37
49 28
26 15
43 57
40 61
24 37
56 32
46 17
39 22
47 59
14 24
5 50
45 35
45 52
7 63
20 6
38 44
57 47
23 22
59 10
18 31
62 35
0 19
7 8
29 58
31 50
10 36
10 51
16 21
13 56
39 19
14 42
33 23
46 44
1 38
41 15
62 21
55 8
46 60
53 45
26 25
5 3
9 46
31 25
29 48
18 8
7 19
56 44
13 49
21 47
43 42
36 50
42 12
45 10
40 0
5 32
10 33
22 63
58 42
9 22
34 37
7 33
56 7
11 62
9 47
7 39
0 28
58 20
51 55
34 52
34 25
44 34
30 11
34 36
14 57
6 22
26 43
37 34
17 54
46 27
31 28
28 43
30 34
52 43
3 52
28 31
7 28
59 31
14 45
38 46
38 10
27 46
31 20
20 16
56 3
32 59
3 12
8 3
35 18
46 21
5 55
56 48
28 14
58 6
8 30
35 52
38 49
8 58
33 42
43 49
1 63
34 56
30 13
36 50
36 17
19 14
17 18
7 58
17 14
23 31
7 57
12 1
33 37
4 47
3 33
61 27
24 36
52 38
27 31
45 18
52 5
30 59
30 16
19 8
25 55
51 18
28 22
27 28
13 47
18 32
0 51
34 38
25 12
53 44
43 35
49 47
18 45
30 41
34 45
48 10
22 3
3 40
29 3
7 4
56 52
63 5
42 31
31 27
11 9
51 50
14 36
40 18
61 12
31 52
6 37
39 37
54 59
25 63
1 53
26 6
36 38
52 4
16 35
9 47
40 51
47 37
10 14
35 62
0 21
20 46
52 39
18 20
10 59
27 55
60 41
49 8
55 52
63 18
35 60
9 19
45 15
62 21
47 2
28 32
31 34
29 20
18 13
47 36
2 21
51 38
61 43
7 40
30 51
2 28
52 57
41 30
50 6
22 12
3 33
42 44
21 50
5 63
33 18
3 46
53 36
49 19
60 3
47 18
37 49
50 58
7 15
40 8
46 2
55 20
46 16
2 0
40 51
53 48
2 54
1 62
14 21
6 18
15 57
13 2
5 8
20 31
48 49
57 33
19 33
28 19
5 40
63 23
23 42
23 7
17 24
26 36
53 41
30 51
16 63
21 27
50 4
8 4
54 30
41 45
53 13
36 6
49 3
25 35
16 45
16 4
14 58
20 58
21 24
26 33
35 29
25 7
28 61
1 56
16 28
62 38
53 20
14 31
39 58
16 38
1 2
51 10
40 38
12 10
2 61
14 46
30 32
12 49
22 23
18 17
0 31
42 50
33 17
20 53
7 37
30 43
32 51
53 41
16 59
17 43
3 1
56 33
40 28
63 32
62 33
57 46
19 49
25 17
18 20
25 17
13 46
62 12
37 36
28 11
44 37
23 2
9 60
14 5
10 24
17 12
40 5
48 47
38 57
38 8
13 27
48 58
32 55
22 18
20 50
1 9
1 39
27 56
62 52
49 29
38 22
53 19
62 1
8 51
25 9
5 0
31 49
32 31
45 24
13 23
16 27
27 38
47 24
50 49
13 60
59 20
53 44
1 47
41 42
9 33
25 7
45 36
36 16
58 60
40 29
58 30
11 6
14 12
56 61
57 52
23 48
24 46
62 36
16 59
23 13
61 3
57 26
38 9
24 23
61 11
52 60
24 49
4 26
9 52
30 63
24 9
23 44
42 0
57 32
14 58
20 2
17 42
4 20
33 21
31 21
46 47
25 33
16 27
63 20
52 24
42 35
51 21
19 57
49 45
5 4
0 46
10 39
7 12
14 59
25 61
60 56
34 44
16 56
13 54
61 15
55 9
19 62
26 8
8 50
29 63
46 49
35 54
63 39
20 10
37 51
10 3
7 62
22 42
24 2
36 45
21 13
19 33
53 16
48 59
4 61
42 6
43 20
25 63
59 45
10 30
63 23
21 43
7 1
33 35
55 40
33 21
57 55
59 27
49 54
29 24
41 39
47 23
31 17
28 58
13 20
21 7
34 27
11 31
8 62
63 58
6 10
44 58
6 16
37 3
18 55
7 10
9 13
20 30
48 2
26 18
6 35
62 61
24 29
19 12
59 24
52 8
51 49
35 44
34 63
59 57
0 15
36 13
43 40
29 4
5 58
9 43
21 42
24 37
3 45
2 39
9 18
37 50
8 51
54 58
1 54
51 40
60 3
18 47
2 55
47 31
32 10
7 63
10 48
59 33
17 48
47 10
42 5
18 4
30 6
7 58
46 3
63 61
14 46
10 15
18 3
40 30
59 19
34 4
12 45
9 17
54 53
9 56
5 47
60 7
62 45
60 62
15 12
26 54
2 8
43 51
57 48
54 53
6 3
38 11
16 25
16 14
43 38
31 11
60 2
12 33
35 11
36 21
17 46
48 63
18 0
33 11
20 49
14 27
10 41
46 4
53 7
3 37
18 2
53 58
55 51
32 39
6 37
57 10
4 6
2 57
22 0
49 40
49 20
30 19
14 15
20 29
49 63
10 0
53 60
7 32
2 39
42 61
49 0
30 61
24 45
13 28
51 61
34 63
33 20
49 57
37 30
45 39
44 23
45 51
10 35
28 31
62 48
25 38
60 13
53 0
53 32
53 38
50 8
15 48
43 51
3 40
53 12
35 44
5 9
30 8
40 16
27 7
45 26
3 11
3 49
20 57
19 32
46 59
60 23
52 61
25 42
5 59
60 13
53 62
31 1
32 4
58 26
3 59
12 51
46 28
32 5
12 55
37 34
50 45
22 36
33 20
63 41
60 26
12 28
7 2
22 3
61 44
47 23
59 54
15 3
11 37
28 11
42 20
33 38
33 35
30 24
26 52
48 59
29 3
15 51
10 28
28 1
24 31
63 24
37 61
10 51
48 42
18 52
27 15
7 42
13 24
21 34
2 53
9 60
39 8
17 53
8 26
43 27
10 61
25 35
12 59
43 18
41 13
59 29
2 27
46 23
25 50
37 55
23 35
21 53
12 7
16 17
9 37
52 17
59 42
14 19
25 62
63 11
38 35
17 49
53 31
16 15
63 14
8 40
61 20
39 40
22 23
47 31
35 33
46 39
27 54
24 57
2 57
7 52
41 25
55 63
40 21
37 35
36 2
30 56
55 17
28 2
58 28
4 35
11 46
61 62
45 58
28 39
32 27
6 11
1 57
40 50
16 21
23 54
1 27
28 48
63 24
56 9
14 53
46 40
48 23
18 29
32 60
25 32
48 53
40 23
56 25
27 46
6 21
12 57
63 44
19 56
5 45
13 20
34 21
33 44
53 38
5 9
0 58
27 6
7 32
32 10
0 2
40 63
55 28
1 47
13 59
38 46
21 13
63 24
50 56
5 43
17 21
34 49
27 42
34 16
40 26
7 14
17 42
60 34
10 63
10 3
9 5
0 38
42 62
14 54
32 51
9 30
41 48
54 21
28 0
55 3
42 55
5 35
25 12
23 12
10 50
4 27
7 29
40 22
5 9
34 23
59 17
20 53
27 29
14 48
6 63
35 29
30 17
33 19
53 33
34 37
62 5
46 52
8 27
29 15
45 37
56 2
58 56
42 32
54 16
58 27
50 46
32 56
20 43
26 28
12 50
26 45
45 56
15 52
32 6
45 22
45 49
53 13
38 11
40 11
32 31
9 19
47 22
5 26
3 14
1 28
11 50
3 9
21 29
3 30
23 19
0 35
35 2
52 3
26 62
46 61
14 56
23 14
38 57
3 50
11 22
35 58
43 62
47 48
9 11
57 38
0 33
16 11
35 34
20 52
35 6
40 39
43 0
33 19
25 26
62 58
45 49
1 33
14 48
27 21
24 48
52 62
56 54
62 59
52 24
47 59
13 43
14 31
57 48
44 14
48 17
0 26
62 19
35 29
35 57
34 48
4 41
9 38
12 36
46 49
35 12
22 12
7 44
42 48
42 55
42 10
41 1
10 61
51 3
62 3
25 26
57 54
34 62
55 31
38 58
49 10
32 47
50 25
22 44
21 33
17 13
44 48
6 33
44 10
10 13
32 45
4 48
43 30
35 52
56 43
1 16
10 5
56 43
59 13
5 48
5 25
2 43
44 25
12 62
51 12
46 8
61 34
50 15
6 7
18 27
11 23
58 43
25 1
46 3
18 17
21 45
3 12
20 2
61 28
29 59
43 9
9 10
44 45
9 31
1 35
3 59
53 60
30 56
0 1
6 43
29 57
42 14
50 17
39 7
29 9
51 7
44 33
44 27
33 34
62 51
47 58
11 30
29 52
39 58
63 9
56 26
14 28
7 28
59 42
28 9
1 14
22 47
0 9
14 51
26 57
22 42
43 2
50 58
21 20
37 4
63 11
4 52
2 22
1 41
30 21
29 26
57 33
14 25
47 50
61 58
8 7
56 62
2 18
51 43
4 7
44 57
22 24
55 60
44 60
25 15
3 57
28 0
20 47
39 51
30 13
13 11
61 6
18 51
7 3
31 9
22 40
44 36
13 14
35 50
21 63
58 14
35 29
3 54
54 0
56 54
49 17
14 7
46 14
11 28
59 13
8 45
28 9
62 13
19 6
38 17
3 39
57 63
41 1
14 38
31 29
27 26
27 40
36 31
19 1
10 39
34 25
62 35
29 16
16 29
15 33
38 24
9 21
62 15
1 8
33 3
52 55
18 38
13 15
0 8
21 8
16 9
44 10
21 18
3 25
2 13
49 53
46 6
13 36
6 33
2 34
51 38
52 14
19 4
50 12
32 37
62 28
45 8
44 59
53 12
35 4
46 24
21 43
19 34
46 53
29 32
50 8
11 56
13 12
21 49
4 12
35 27
19 37
0 59
50 24
18 37
40 8
53 1
30 14
7 57
29 27
34 19
12 23
57 37
54 61
47 13
44 20
38 30
59 41
18 25
61 35
40 57
27 60
0 33
32 2
63 45
21 37
8 19
29 51
28 18
33 10
50 3
4 32
57 37
9 22
55 63
19 35
29 51
18 33
3 10
3 53
1 49
1 27
28 13
31 20
54 4
39 22
34 18
18 29
14 18
17 19
36 53
40 7
55 33
44 41
54 50
5 29
13 37
49 26
2 33
39 48
58 1
62 17
30 1
24 47
19 18
29 7
39 44
55 13
32 11
26 53
6 41
48 46
54 27
9 7
0 20
9 46
7 1
37 52
24 40
51 33
43 55
6 63
43 3
7 18
28 22
2 22
23 8
37 63
40 30
7 1
30 32
10 30
34 47
13 34
50 7
27 24
39 25
11 56
60 12
25 52
30 63
51 36
18 62
58 28
60 57
16 21
43 22
51 3
41 58
6 32
42 26
7 28
17 4
22 58
29 51
46 42
9 58
22 57
33 41
27 60
22 31
52 30
22 33
21 42
43 47
31 33
58 9
2 27
61 51
20 29
57 62
26 11
63 62
62 23
17 7
34 26
5 52
59 8
56 16
3 2
2 51
6 61
11 33
60 32
60 30
28 37
10 16
44 49
45 27
5 61
46 10
35 45
57 46
38 60
56 9
15 43
60 19
38 43
12 32
55 25
4 6
54 2
27 26
17 6
51 47
37 32
60 31
12 45
33 59
59 20
38 1
53 25
57 30
51 50
40 29
22 39
38 26
40 18
30 9
61 40
4 6
1 24
51 34
2 15
11 49
6 11
18 35
31 43
4 41
62 61
10 41
54 37
44 23
20 24
35 55
12 23
58 15
63 5
0 51
17 22
55 26
9 12
30 37
23 44
34 30
54 47
29 50
40 53
15 21
47 61
31 49
25 24
26 24
11 39
0 37
32 53
5 40
37 62
36 26
24 25
32 12
29 52
27 42
28 17
5 29
45 24
0 6
37 62
51 62
32 11
11 18
14 41
44 57
30 41
7 60
56 42
30 5
41 46
27 29
38 46
46 11
38 7
14 46
37 24
22 10
63 2
34 13
18 48
54 41
45 28
28 46
5 39
13 2
30 13
42 3
37 8
41 57
21 61
35 49
27 0
18 55
23 7
28 11
0 31
32 31
24 30
49 34
38 16
44 5
57 45
22 35
47 31
53 20
23 55
8 60
10 62
58 23
52 60
3 50
45 54
62 18
46 25
10 20
37 45
30 31
0 22
42 53
50 18
58 0
35 62
31 36
25 46
25 42
50 23
4 38
14 35
46 44
63 24
2 44
56 50
7 62
21 1
24 10
28 44
21 28
54 19
11 14
57 60
9 35
23 4
49 8
8 33
59 12
28 50
49 16
1 13
60 63
33 59
47 15
11 24
38 58
40 38
49 58
15 60
7 55
51 30
57 41
26 35
9 36
53 42
48 23
16 35
33 35
34 31
35 13
1 44
38 57
37 55
38 23
3 39
42 59
52 30
44 34
43 14
6 35
42 4
61 8
54 15
6 16
29 61
55 33
31 34
7 42
1 18
9 54
23 24
52 37
22 44
8 6
59 45
0 17
32 52
36 49
4 33
1 8
44 18
7 26
51 63
21 8
55 30
5 23
37 58
18 9
37 58
46 63
24 54
16 42
61 22
52 1
11 26
24 36
50 12
20 32
63 60
58 20
43 37
19 41
15 26
59 22
54 25
8 28
45 38
57 31
8 7
4 34
8 26
47 7
46 29
23 44
11 39
62 41
29 31
5 49
49 24
45 48
32 43
17 38
27 17
37 33
51 5
28 6
22 61
17 58
0 30
27 11
4 25
39 20
24 40
13 3
29 54
53 36
28 8
29 57
15 57
35 9
2 52
37 20
56 61
0 4
53 5
17 49
32 58
4 57
63 7
2 30
2 40
8 14
40 1
43 36
46 26
46 55
31 37
60 34
38 50
3 62
62 27
5 15
15 58
20 7
33 9
21 3
14 54
49 30
29 19
53 6
41 50
23 43
0 50
17 7
32 60
46 16
44 10
41 33
4 38
6 5
58 29
46 8
27 46
11 17
58 40
61 30
22 50
56 25
56 7
29 18
12 49
23 25
18 12
32 44
58 19
33 26
37 36
20 44
45 40
4 26
14 20
27 9
35 61
40 37
51 34
30 51
54 9
59 51
61 20
59 1
44 52
38 27
58 2
45 53
14 39
5 42
2 20
29 18
37 50
28 48
27 13
52 2
15 2
39 51
47 15
41 61
42 7
45 6
44 0
28 8
25 22
1 53
20 55
38 11
63 43
16 46
55 24
14 19
21 30
48 34
39 14
12 56
29 8
27 34
52 1
61 28
1 42
26 5
42 55
43 49
11 13
14 44
41 46
0 45
61 16
16 1
6 56
41 53
22 1
11 25
28 25
36 6
2 39
31 41
53 30
23 59
5 42
44 56
29 60
56 1
23 21
5 40
59 8
5 19
9 47
55 36
0 16
20 8
63 39
30 49
59 0
29 30
49 31
43 19
58 53
63 59
10 20
44 2
60 30
7 0
16 44
44 34
51 27
32 57
0 5
5 38
25 27
29 15
31 21
60 43
38 1
25 1
7 28
29 10
27 43
34 23
55 39
0 60
57 40
27 26
48 44
42 12
21 13
56 15
2 35
14 22
59 7
24 8
60 32
39 62
6 41
25 6
63 3
10 8
23 25
28 37
19 28
17 61
14 58
56 25
6 26
24 23
45 25
50 42
2 5
34 4
7 47
29 28
44 54
53 46
8 51
60 45
2 5
16 54
31 7
32 13
40 14
46 33
56 31
44 45
57 63
38 35
59 30
21 31
9 41
46 10
49 62
35 56
53 3
14 31
49 36
4 9
4 10
49 34
40 20
47 56
3 5
19 8
36 54
51 30
62 61
34 54
55 17
29 10
11 2
0 3
62 2
57 35
1 56
49 18
13 34
8 20
30 13
16 24
9 16
62 11
30 57
51 4
38 34
20 16
8 56
46 36
25 49
5 63
1 8
31 8
61 44
4 56
24 41
4 19
53 41
2 11
4 17
14 57
58 22
35 34
16 6
59 22
54 12
60 40
2 43
21 9
5 35
59 58
55 12
17 9
30 4
13 61
41 47
33 35
51 23
45 4
56 22
40 42
51 46
44 28
15 28
30 61
22 60
18 42
48 5
7 59
7 36
61 10
53 31
32 50
57 21
34 38
24 2
5 15
34 40
40 33
55 32
23 57
58 31
19 13
48 63
29 7
34 41
13 37
54 25
20 58
26 13
51 25
1 29
53 0
48 55
57 34
8 59
26 11
19 43
63 15
28 37
54 61
23 12
55 57
8 33
9 57
7 18
20 17
36 25
3 24
51 63
35 13
37 40
5 62
55 29
29 31
24 55
50 19
60 32
46 45
62 55
26 20
11 22
33 40
38 24
41 50
45 47
7 2
3 62
10 21
51 23
56 61
31 23
59 28
59 52
31 12
12 22
20 51
17 58
39 63
42 41
47 18
28 45
51 23
14 48
63 10
11 8
16 33
52 18
63 7
10 36
40 0
39 21
41 9
35 59
9 12
37 18
14 27
29 63
10 48
27 4
51 3
4 8
55 22
34 19
2 38
60 9
8 45
14 24
50 22
13 23
24 50
24 10
46 29
52 27
58 15
4 32
37 11
39 51
54 58
50 12
15 51
7 16
25 28
5 40
39 3
5 15
16 9
10 3
35 36
31 58
15 54
10 53
16 54
30 53
50 9
8 23
38 48
2 63
51 16
7 51
39 34
8 49
8 12
5 63
21 51
52 10
45 42
35 20
57 56
23 46
50 7
58 7
59 32
56 47
6 7
56 25
37 4
23 43
13 50
63 12
2 44
63 27
14 20
34 22
51 18
53 25
18 22
57 16
43 59
47 22
59 57
11 2
11 58
36 52
36 27
6 41
3 49
35 37
38 49
45 37
42 14
29 61
36 38
4 37
54 11
59 15
28 48
51 9
1 12
16 2
15 34
31 3
22 29
21 22
25 52
9 2
11 24
0 11
34 20
55 56
14 11
59 37
14 37
62 47
30 25
54 17
44 25
12 48
0 34
63 8
44 13
34 14
44 7
48 12
40 28
0 16
15 23
39 37
17 39
59 11
5 61
6 39
47 59
35 59
18 55
54 62
50 21
36 11
31 28
3 46
57 49
61 42
13 34
21 12
1 54
19 44
36 23
62 0
2 46
38 10
32 11
17 59
30 43
26 35
24 39
18 12
22 60
43 39
6 38
53 5
26 9
42 8
0 5
22 46
4 22
55 60
53 44
57 20
53 33
43 62
62 42
15 30
46 44
35 7
6 3
27 16
34 52
41 45
12 54
47 2
53 50
60 22
7 25
7 45
29 12
27 42
18 34
0 13
25 23
1 3
60 48
27 6
1 28
34 24
2 3
23 6
14 8
8 40
19 33
24 9
11 21
41 34
47 3
43 15
56 15
47 46
6 28
40 3
56 62
40 52
14 60
21 61
44 3
15 48
1 17
44 57
32 28
42 36
27 16
42 12
6 15
61 47
39 45
54 57
42 38
15 35
30 16
30 11
11 23
49 45
56 8
46 59
34 50
0 16
9 48
52 46
13 44
56 14
8 58
39 29
35 32
46 3
54 39
9 17
45 47
47 61
36 23
15 40
50 40
58 57
24 55
56 41
9 49
3 9
4 52
18 14
57 49
40 48
28 1
28 22
17 29
36 29
2 9
3 48
12 36
1 7
34 8
48 49
54 6
57 43
9 58
1 62
3 11
6 39
33 58
36 41
19 28
36 61
39 54
11 33
4 15
59 3
13 33
3 48
17 52
14 61
6 21
25 8
33 47
50 17
44 28
28 8
31 51
23 9
41 61
19 13
51 59
45 2
21 43
57 61
2 44
43 39
2 1
55 22
30 31
28 17
53 45
58 50
49 58
0 4
34 33
23 3
53 25
32 2
50 29
7 15
16 9
56 57
46 57
40 52
41 38
10 0
18 10
6 38
49 36
24 61
36 46
45 48
52 8
5 59
35 3
41 8
34 3
44 51
16 26
19 54
52 41
55 14
42 2
23 30
59 12
54 20
37 4
27 46
0 37
48 13
57 15
26 9
59 56
44 46
24 56
0 39
1 5
24 11
19 16
43 50
60 37
32 10
10 24
20 44
5 0
53 27
23 22
22 27
58 38
18 42
40 42
31 8
17 57
4 53
30 2
1 19
55 44
26 10
61 12
18 61
11 45
60 12
32 59
37 41
48 61
6 9
55 21
42 27
42 29
20 14
48 37
38 34
20 59
14 46
28 49
23 32
0 39
10 45
33 61
34 7
4 9
45 9
34 5
32 6
13 52
40 37
14 11
9 2
11 38
50 13
2 62
43 13
15 1
30 55
34 4
29 16
0 4
41 43
41 18
44 9
16 43
53 43
61 29
49 17
56 33
12 3
50 21
40 24
54 62
1 34
46 49
3 60
51 32
9 59
23 34
43 38
46 39
6 31
41 21
55 14
8 9
61 53
24 44
0 16
33 28
16 10
25 29
40 25
33 24
9 28
57 22
45 38
19 59
16 24
33 15
26 15
55 20
51 60
20 58
33 27
38 16
56 37
53 42
18 37
6 48
10 47
44 47
63 36
59 40
29 59
10 37
2 26
43 20
21 56
11 51
18 24
7 28
55 39
26 32
28 48
54 6
5 60
14 26
56 48
54 30
44 4
50 53
34 54
21 56
15 44
7 22
29 38
43 18
46 3
37 57
14 46
2 41
55 14
16 23
37 42
62 29
46 34
34 17
47 60
52 15
49 30
18 13
42 59
6 38
7 22
33 58
26 49
53 56
58 53
0 16
38 58
54 23
57 24
60 59
7 1
42 7
3 23
44 43
50 31
55 46
38 58
13 7
22 37
5 22
44 54
34 28
25 63
45 20
7 34
21 39
45 0
7 49
6 45
13 38
60 40
48 11
41 51
40 30
9 7
50 45
6 24
34 48
37 33
56 43
14 16
2 49
33 11
52 26
46 56
13 33
55 60
3 13
30 45
21 49
8 5
2 4
1 34
49 36
39 33
55 62
34 5
32 11
21 56
44 8
6 21
13 33
48 57
26 39
5 24
25 20
12 37
13 54
47 45
42 25
43 39
4 56
48 24
4 24
55 21
42 1
11 7
0 16
10 0
7 39
12 49
40 32
25 21
6 53
1 3
5 42
56 11
32 57
35 32
23 13
26 62
35 37
14 25
45 25
10 31
50 11
1 44
42 16
52 6
5 35
45 39
55 28
5 31
52 3
48 41
22 4
58 23
30 35
27 7
3 20
41 31
47 8
49 38
0 8
51 39
51 60
35 24
2 10
6 11
25 42
39 23
7 57
33 46
39 15
31 22
18 9
6 53
36 4
28 27
34 1
59 27
45 1
28 23
11 20
25 14
17 26
9 28
4 9
10 32
47 22
33 43
47 61
21 20
63 57
56 12
29 42
12 40
38 30
7 56
40 15
36 27
21 62
14 37
1 14
44 59
23 6
43 31
33 46
48 50
34 32
15 10
51 59
42 47
4 14
12 2
54 18
63 37
3 55
41 26
57 20
63 29
56 10
21 5
58 10
31 46
41 21
23 29
26 49
17 18
21 33
38 5
38 17
38 10
11 1
54 18
13 60
30 16
33 15
9 7
25 17
4 30
57 59
2 36
11 6
5 57
38 46
15 39
18 36
28 55
43 9
59 22
2 52
16 24
59 55
20 1
36 40
52 57
55 22
52 38
46 14
36 6
51 33
13 48
12 15
17 46
30 53
17 18
50 38
48 56
28 41
57 51
45 13
54 29
56 54
46 20
30 26
30 27
48 3
5 10
57 8
54 2
29 15
38 32
27 50
56 37
6 49
16 43
4 0
54 45
32 11
31 51
6 62
42 33
59 19
60 2
20 51
31 59
33 52
29 58
28 36
44 63
19 5
38 7
7 15
20 28
62 12
47 15
16 22
38 21
20 27
15 50
19 28
2 45
40 27
14 4
26 58
49 41
8 13
37 54
15 22
46 63
21 17
45 62
57 50
46 25
10 27
32 59
43 47
19 50
58 32
39 6
12 25
51 42
33 23
1 14
2 20
27 50
50 52
43 7
31 17
50 44
4 37
46 34
58 30
61 46
32 54
45 29
5 55
53 15
51 26
59 3
12 14
45 33
46 50
4 61
21 51
5 53
17 4
24 40
29 22
3 34
32 52
30 21
15 58
31 36
39 4
39 12
0 22
59 11
43 52
35 4
18 58
16 33
0 9
40 17
17 28
35 26
43 22
36 24
44 3
58 43
14 57
41 57
55 20
28 43
48 5
29 17
31 62
17 36
38 37
46 48
16 62
14 54
3 42
28 10
31 1
32 52
22 34
48 3
3 42
41 45
34 16
54 19
25 41
23 57
63 1
40 54
40 1
54 63
20 0
10 52
55 25
3 27
2 28
38 30
45 52
54 63
9 22
15 21
56 38
30 60
24 25
12 14
35 42
40 14
12 48
31 18
62 9
55 3
1 37
28 63
25 51
8 34
12 33
61 24
36 51
4 39
39 43
34 63
61 15
12 41
21 49
16 41
14 58
27 60
53 45
48 8
9 11
63 35
46 2
29 22
62 54
53 43
43 28
4 48
57 2
57 53
8 2
60 0
54 38
49 21
35 7
51 41
11 31
34 61
49 14
24 47
41 11
25 16
10 20
54 48
8 36
36 15
32 1
11 42
17 58
7 28
13 17
0 37
52 12
9 42
15 22
37 33
7 47
4 55
41 11
33 40
62 14
21 14
19 44
23 25
10 23
12 47
54 18
1 21
30 1
25 27
27 8
25 36
14 52
36 57
42 44
36 61
53 23
61 0
46 36
7 51
46 61
30 38
44 40
42 5
60 42
50 30
59 61
10 18
0 1
33 23
24 32
5 60
51 25
46 0
23 58
8 6
30 45
7 9
13 60
15 21
6 54
57 27
7 0
62 17
45 2
51 27
59 20
41 0
48 0
55 40
43 36
15 33
20 1
0 23
25 42
24 44
11 34
19 22
23 7
19 14
46 9
16 36
41 21
33 46
57 50
57 6
7 39
22 8
0 62
52 55
28 47
42 10
27 3
22 7
63 50
60 33
31 48
8 55
60 51
12 20
33 52
4 1
35 10
60 49
24 16
56 41
63 15
36 14
3 61
4 32
30 48
2 11
44 39
11 51
18 35
8 47
15 7
25 41
56 13
28 63
19 32
29 50
57 23
49 52
60 38
44 54
33 19
49 0
5 43
42 30
28 45
8 0
21 34
30 16
9 10
24 32
47 6
37 42
59 19
24 58
36 29
54 58
29 48
38 18
48 5
35 42
39 28
57 42
23 56
34 17
10 17
60 28
14 22
14 57
46 59
57 5
28 47
30 27
50 36
46 51
23 4
25 54
63 10
9 61
56 31
37 23
52 20
32 37
22 50
61 10
44 41
24 36
32 60
2 40
11 39
40 44
27 46
53 23
62 38
27 11
22 42
44 34
27 45
33 52
10 37
62 38
10 31
16 23
63 9
61 24
0 59
51 13
28 9
41 55
36 15
56 16
20 36
34 41
27 59
47 37
29 54
29 1
19 3
21 42
39 37
13 5
47 42
34 18
24 10
30 31
54 61
7 59
16 9
21 42
40 55
29 19
8 54
50 28
44 0
6 39
35 7
25 13
0 9
23 0
2 24
51 60
28 5
36 62
63 11
31 13
29 53
5 4
17 47
41 59
48 28
62 54
43 61
60 53
45 28
11 33
22 63
22 14
2 56
33 10
42 32
27 37
59 30
47 51
11 57
42 3
27 49
44 56
51 3
52 39
35 23
54 31
44 43
32 53
9 43
25 27
17 33
47 10
56 1
20 11
20 18
31 6
23 3
51 63
58 20
34 43
32 2
44 36
27 63
57 0
12 11
50 0
6 12
57 25
32 30
62 55
44 11
10 43
17 40
24 0
46 23
46 51
60 53
25 0
4 44
43 22
14 47
1 26
34 4
49 56
7 44
62 15
46 3
34 9
58 55
20 10
60 22
61 10
28 6
0 10
9 12
19 46
20 23
29 58
59 41
51 14
11 38
39 13
19 58
19 29
16 54
53 42
51 34
7 54
3 35
57 12
33 3
50 38
39 50
13 45
58 46
55 6
53 12
32 28
29 57
59 47
28 36
34 20
24 2
0 4
15 32
32 34
34 32
35 33
19 5
38 46
50 8
41 0
37 50
60 45
14 2
14 17
51 44
31 61
7 10
43 8
21 44
28 39
41 4
52 12
56 38
6 8
25 28
60 15
22 61
46 43
0 36
58 14
40 63
62 49
6 4
43 0
32 4
4 29
51 6
29 38
33 15
3 24
60 0
18 36
51 47
51 50
11 18
47 54
14 24
24 34
44 61
17 48
26 62
34 27
20 40
33 46
50 6
45 1
24 4
37 6
10 41
42 38
19 26
41 20
28 34
35 52
48 32
39 27
23 32
25 47
32 60
3 20
24 30
10 1
52 8
2 53
1 46
25 9
28 37
23 8
38 17
25 57
14 0
40 1
58 12
32 25
53 30
52 24
11 17
39 55
22 27
11 36
55 38
31 57
6 23
15 7
63 12
61 51
32 41
5 45
24 46
40 45
50 37
9 32
24 46
34 11
59 41
3 18
32 36
29 40
21 46
23 60
40 25
43 63
60 26
16 15
27 12
16 12
20 33
40 0
63 30
1 10
51 45
34 57
13 33
57 59
25 15
63 25
43 27
11 15
10 17
56 39
47 18
9 13
61 18
11 2
16 9
14 25
55 58
61 44
52 3
43 33
43 10
14 58
1 6
16 4
46 61
38 50
52 61
10 53
29 44
47 15
37 63
57 42
34 1
37 59
29 25
30 28
8 13
61 6
38 43
20 24
22 62
47 59
42 8
43 39
17 20
23 41
25 18
2 61
44 48
44 8
22 27
20 55
53 14
17 31
58 63
2 48
36 14
36 24
51 57
22 28
24 47
4 61
22 47
35 44
2 16
22 46
2 41
38 45
17 37
49 8
11 53
37 54
2 56
56 27
3 39
36 20
2 32
61 3
38 30
11 59
34 59
45 11
62 10
6 12
43 28
40 31
44 15
58 28
11 54
8 40
44 36
6 17
55 32
9 63
30 19
20 53
17 14
15 32
20 38
24 52
1 49
35 19
63 8
44 42
26 32
50 0
26 41
28 13
55 4
58 13
1 26
5 23
25 54
17 26
6 5
21 32
4 12
19 38
62 57
16 51
58 2
20 53
31 28
32 56
48 23
50 7
6 17
33 55
34 60
35 42
48 7
61 10
16 37
20 43
63 11
19 23
51 62
21 9
0 21
59 44
16 42
44 60
19 8
38 0
14 35
8 9
54 38
25 38
44 21
54 46
32 43
57 25
25 1
7 8
37 48
43 54
7 9
32 42
49 53
50 16
12 9
16 37
1 24
22 47
29 1
51 23
57 40
61 23
1 32
20 37
56 45
26 46
23 49
5 8
13 57
19 59
23 24
34 21
9 26
32 38
8 11
27 6
10 11
27 61
18 16
62 38
18 58
57 43
48 33
53 48
27 34
1 45
47 6
47 2
32 17
8 35
32 38
28 23
48 53
42 30
38 57
41 10
34 10
17 3
62 57
42 45
50 29
51 11
35 4
26 53
11 2
48 28
55 60
35 15
59 62
42 27
15 8
49 60
5 63
37 58
19 56
51 7
19 9
3 39
37 41
2 36
48 15
8 0
14 11
7 1
23 6
25 37
55 28
5 56
16 31
51 35
6 42
60 46
23 51
40 37
5 38
42 44
39 14
28 10
13 24
54 40
7 60
29 48
54 41
32 9
42 32
12 23
3 6
52 50
44 5
24 29
34 6
61 4
39 48
3 63
52 18
26 25
53 33
28 48
44 0
41 11
16 39
39 25
47 2
43 24
18 15
31 27
55 31
35 53
45 56
26 39
57 11
63 47
23 63
36 60
10 13
51 13
49 18
9 23
60 28
19 60
36 13
32 24
34 13
42 8
7 12
37 50
32 46
44 9
50 36
7 9
27 53
43 48
44 60
44 18
22 29
55 27
34 3
17 14
7 26
25 10
57 30
53 62
8 3
35 7
0 1
9 56
27 35
36 14
51 39
53 4
16 34
6 15
22 9
41 54
15 12
5 59
17 56
18 20
42 5
22 54
18 49
23 32
35 39
1 58
34 1
17 59
26 35
25 32
36 16
35 24
19 48
12 13
39 45
59 50
49 9
58 49
46 25
24 0
4 39
62 21
37 30
58 41
2 23
24 22
58 12
20 52
38 0
18 38
57 54
1 63
19 61
32 6
15 17
37 3
35 21
38 26
23 20
14 18
13 0
17 10
37 12
47 18
63 13
25 2
15 10
15 44
44 17
33 31
33 19
0 61
26 42
28 60
27 21
26 23
34 24
24 7
22 61
56 0
34 18
39 43
55 48
41 60
2 41
39 20
34 14
3 28
4 30
27 52
48 58
16 56
11 33
50 26
10 9
45 38
12 39
26 50
58 28
29 44
15 61
61 41
7 44
56 13
26 1
54 15
30 19
43 7
23 8
16 40
4 35
20 44
8 42
40 18
2 36
46 12
63 24
11 19
57 12
0 24
19 2
26 53
47 19
52 29
10 12
11 57
54 19
4 50
25 6
8 4
32 50
51 5
14 39
43 13
2 36
51 19
47 60
1 14
17 62
36 38
45 62
16 31
16 53
24 16
39 59
16 25
51 27
62 21
25 46
0 22
27 8
10 57
15 63
52 30
54 11
56 6
5 18
3 14
30 59
13 53
58 52
42 61
56 6
21 31
24 51
61 8
49 24
42 51
30 55
20 13
57 51
38 58
2 43
36 0
18 30
32 10
43 47
21 52
15 10
47 43
49 35
29 54
37 48
40 63
56 3
13 43
28 36
48 2
2 28
4 42
32 62
10 24
46 17
54 57
33 44
10 44
40 24
54 60
27 43
45 3
3 30
11 53
44 19
30 36
35 21
46 35
12 23
59 32
21 14
52 60
15 38
33 5
42 25
1 12
32 56
12 35
35 33
36 42
1 2
27 22
7 54
12 16
23 47
37 52
27 48
21 18
29 32
24 9
62 18
59 0
11 36
51 29
52 11
49 52
12 38
37 63
37 44
11 52
14 44
46 44
27 2
13 37
24 63
42 40
6 9
44 3
34 58
58 4
28 1
49 45
36 6
35 42
45 34
46 52
57 29
40 21
31 28
30 5
63 29
62 26
39 47
27 43
42 19
44 27
15 51
44 63
17 4
51 49
39 56
18 24
21 24
42 2
15 49
41 57
19 32
33 13
57 42
25 16
2 37
33 26
2 14
46 57
39 21
47 37
58 49
4 35
7 51
23 11
21 35
30 7
15 24
1 39
53 13
28 2
62 15
49 37
17 9
31 19
42 41
62 55
59 11
44 13
22 28
51 39
49 21
3 10
3 22
1 37
44 31
45 15
12 32
20 34
27 28
61 18
30 55
49 47
5 16
37 60
58 4
42 20
12 47
7 29
62 50
49 20
18 15
44 35
48 55
22 3
48 0
62 34
56 39
46 21
6 16
14 37
37 33
22 28
58 36
7 45
19 57
4 14
45 47
62 11
58 8
2 9
15 54
29 56
46 8
0 53
11 25
58 56
27 62
43 2
8 62
23 62
31 2
46 41
27 7
23 15
61 9
53 13
31 63
0 9
47 55
40 46
10 61
63 4
10 8
55 51
1 6
38 62
32 35
18 63
60 41
57 5
54 60
22 52
63 23
9 6
36 21
23 43
11 51
56 4
9 5
11 25
61 31
21 25
52 40
22 50
41 57
50 53
1 18
44 42
31 21
8 58
15 46
1 25
18 26
53 2
56 50
43 4
30 13
4 45
3 57
39 15
9 40
4 49
26 50
37 62
20 60
50 42
32 0
9 47
49 61
23 9
33 32
16 35
9 32
53 56
20 47
15 40
36 31
32 39
41 44
60 23
61 11
59 3
0 57
31 50
46 35
15 39
21 40
29 26
10 62
30 0
19 32
23 45
50 16
33 55
0 8
55 12
54 39
37 22
34 50
56 10
3 15
28 59
52 14
15 13
13 0
51 58
41 38
13 20
13 18
5 20
38 12
34 45
60 48
60 23
15 22
5 32
53 24
28 15
29 20
26 28
54 21
7 19
50 62
20 46
26 42
17 3
50 59
2 30
3 48
8 7
5 8
19 25
36 2
2 39
17 20
0 43
15 43
55 14
3 41
50 15
2 27
58 24
52 13
50 42
7 5
47 36
1 2
57 20
29 48
39 54
21 23
36 52
30 43
40 49
5 20
35 11
17 55
23 27
21 30
34 25
44 42
62 26
56 2
28 27
15 41
4 31
59 5
0 14
18 51
62 15
19 55
12 14
6 58
34 19
58 14
58 27
29 2
60 15
53 3
14 34
16 49
13 7
48 10
39 25
13 60
24 38
55 48
26 62
44 41
37 28
60 12
0 45
16 25
63 55
54 52
28 11
41 23
49 48
24 62
53 24
34 15
8 2
55 28
11 32
56 47
37 49
35 37
11 52
9 19
5 53
31 62
61 62
19 61
14 30
8 55
0 30
34 33
43 24
57 23
10 59
13 18
61 1
6 21
54 51
49 55
21 2
56 14
8 36
19 17
58 49
3 41
24 40
54 46
54 31
45 57
20 58
27 6
55 28
57 30
31 12
48 23
45 55
29 46
4 46
24 48
52 3
31 17
53 61
12 29
9 55
35 11
11 9
37 1
33 23
7 11
45 23
26 12
35 46
12 41
51 26
16 17
56 41
28 38
20 21
9 60
5 43
60 19
45 37
58 5
11 36
28 24
63 40
50 12
37 35
29 46
53 37
51 11
38 59
43 1
36 45
13 15
32 43
21 33
51 0
60 61
38 30
39 2
4 61
53 62
39 2
19 25
47 62
33 19
12 61
40 10
13 42
13 6
1 59
0 25
21 20
16 32
16 27
47 3
55 27
12 15
7 62
54 39
54 57
41 55
45 14
38 56
21 27
13 5
4 41
17 28
32 37
3 34
53 28
21 16
48 56
16 61
39 19
21 15
28 26
4 34
12 42
6 17
25 37
56 3
25 45
40 54
5 0
52 1
8 17
41 11
28 22
56 25
11 26
46 38
61 57
57 22
29 36
8 47
25 49
52 21
31 24
55 30
55 50
8 26
0 41
61 47
33 42
25 60
53 1
31 42
4 38
33 15
14 41
40 14
49 61
20 56
13 4
47 52
13 63
60 59
48 56
32 47
0 3
19 21
44 23
13 28
43 39
25 28
58 61
6 20
45 54
8 12
34 33
58 17
0 50
25 45
38 12
22 62
8 48
2 55
26 4
50 56
6 31
40 2
19 32
7 54
30 15
49 10
20 35
2 44
52 31
37 25
23 17
40 50
60 16
13 0
6 60
27 32
21 3
63 54
6 32
62 5
17 61
45 53
60 6
5 23
39 1
21 1
37 22
7 52
22 55
40 49
13 19
6 31
0 63
29 36
25 1
34 4
17 42
54 13
7 11
0 5
23 20
7 35
62 9
54 34
62 48
18 33
10 26
53 8
53 39
32 57
2 13
63 18
15 34
37 55
18 20
39 23
13 21
37 21
30 56
37 2
29 39
10 19
4 16
47 14
41 44
54 7
13 35
52 45
2 3
21 63
21 40
6 55
36 41
16 5
34 32
13 21
43 12
9 44
61 54
20 2
51 43
26 42
42 58
40 19
38 14
22 49
34 2
32 46
0 14
3 11
8 60
30 60
12 15
9 16
15 36
4 33
30 54
51 2
29 15
48 43
36 19
1 14
24 36
7 12
38 9
9 34
41 60
3 45
2 45
48 14
59 20
9 36
11 8
30 35
23 26
56 24
35 33
54 35
15 51
38 1
54 61
14 46
14 56
36 33
39 53
45 57
53 51
18 31
29 55
31 8
32 21
18 45
18 17
61 11
53 62
21 52
33 2
52 28
22 46
31 60
11 24
51 45
53 6
10 18
4 25
56 3
13 27
28 37
38 30
35 16
39 9
20 47
55 52
38 31
2 25
27 26
9 6
1 8
59 28
60 57
57 27
45 38
40 39
24 2
59 52
6 62
48 21
20 63
49 34
49 40
11 16
49 19
11 56
0 63
50 23
17 45
49 13
60 32
40 55
52 4
57 60
30 49
2 4
1 56
0 5
39 55
57 3
26 24
28 46
50 55
43 10
8 15
61 33
47 46
43 29
43 9
0 17
45 60
14 36
58 47
63 52
16 11
46 34
24 47
46 40
41 13
40 29
58 0
23 9
36 5
48 49
2 40
34 61
1 35
24 30
20 27
56 39
14 33
24 30
34 1
25 36
43 15
14 9
60 12
2 54
35 48
56 33
35 18
32 30
30 2
33 10
22 57
51 56
40 38
37 59
38 43
29 50
21 7
13 29
11 50
5 24
32 53
0 37
37 46
17 26
26 63
38 22
17 38
0 12
37 61
10 56
57 53
55 23
50 26
39 35
45 58
6 16
57 22
17 35
32 29
26 6
46 8
6 60
10 26
10 22
12 37
60 52
30 50
63 19
10 44
5 50
13 57
54 13
26 2
22 60
50 2
52 30
31 40
50 60
28 13
55 25
52 46
9 57
31 9
13 35
16 1
31 3
23 36
31 2
16 23
35 39
18 39
53 3
23 8
42 24
20 15
52 36
4 38
12 31
44 19
39 45
12 63
15 56
37 32
17 15
7 13
14 52
30 28
53 43
5 18
34 37
32 41
23 29
11 18
53 36
29 60
26 53
53 41
57 3
27 60
23 19
42 21
2 5
13 18
7 29
12 49
49 16
30 7
2 37
2 4
25 34
13 51
0 1
28 53
0 62
60 48
41 59
43 11
59 43
1 51
2 57
10 18
49 27
58 12
27 50
55 18
22 20
63 62
14 15
17 56
45 3
50 5
30 32
47 54
43 34
48 54
49 39
35 51
24 21
37 57
57 9
57 2
33 22
0 52
46 37
59 37
60 5
39 22
23 36
25 22
30 57
56 26
31 37
16 52
18 11
63 0
62 25
63 35
17 22
13 10
19 39
59 52
52 7
50 14
56 55
9 0
37 41
32 30
28 33
31 23
8 4
47 3
26 6
47 31
29 28
30 35
45 54
63 62
60 31
53 29
55 18
31 53
12 13
12 52
14 16
9 39
30 1
2 10
3 51
23 6
31 33
44 18
58 61
39 35
31 5
61 62
54 25
58 46
42 10
44 26
12 60
45 16
44 29
1 56
13 16
30 42
8 15
49 35
12 47
17 44
41 36
30 54
2 20
60 2
0 44
58 59
48 56
28 62
41 56
43 37
45 53
59 3
17 12
10 60
18 63
48 7
25 41
28 9
49 29
0 26
35 25
22 39
3 12
44 27
43 3
16 35
21 33
8 29
40 15
46 34
36 15
38 32
6 23
51 23
12 5
22 36
11 24
9 19
15 35
41 9
45 54
8 61
39 10
45 59
24 10
11 40
26 6
13 31
12 18
10 20
26 63
42 16
29 56
4 31
20 46
57 13
40 27
42 12
35 17
25 28
7 56
41 51
48 35
3 42
24 61
47 57
51 57
8 1
38 59
41 59
24 21
27 14
23 38
29 33
41 34
11 56
51 0
46 39
1 58
31 13
53 17
8 0
5 62
34 18
23 14
26 27
27 10
26 44
35 17
47 60
39 24
7 0
39 40
3 37
52 30
0 63
4 41
31 49
61 27
39 32
58 51
26 18
37 25
62 43
18 40
42 41
53 8
28 32
49 11
24 25
5 9
60 63
3 34
31 22
25 62
