110
46 35
4 51
4 37
49 36
14 54
42 22
51 4
1 26
51 8
60 55
9 45
58 36
63 2
34 8
62 30
10 34
35 29
5 51
28 25
26 4
18 59
10 46
31 7
60 7
56 20
34 35
36 24
16 22
44 8
61 6
21 27
16 21
26 28
8 14
47 3
29 13
10 15
28 27
18 23
32 29
32 34
31 35
21 44
20 22
53 18
3 59
57 53
46 58
35 59
13 7
3 46
6 58
35 15
37 11
18 2
45 26
60 37
4 18
16 44
54 10
31 15
8 16
40 5
41 19
43 18
48 60
10 9
28 20
25 39
9 38
0 25
56 8
56 19
17 3
47 20
61 2
11 61
44 22
55 22
39 53
4 5
57 29
8 5
0 53
28 27
12 39
1 21
29 53
22 42
0 7
27 14
8 53
47 52
45 14
30 23
16 22
25 56
60 46
61 7
3 7
43 48
51 17
50 11
42 22
51 17
12 29
21 8
46 38
22 35
28 44
920
4 19
17 25
41 17
47 4
8 6
63 28
30 43
48 51
60 5
58 6
30 46
46 2
36 29
29 34
61 6
11 14
44 21
62 60
22 57
2 36
41 24
20 3
29 51
51 35
16 0
2 58
13 49
36 1
45 56
7 25
44 28
30 25
45 4
7 3
37 48
28 57
19 46
16 61
8 13
14 63
58 50
21 61
27 4
51 26
47 63
42 39
31 22
48 47
4 63
54 49
7 30
41 26
49 26
20 57
50 17
37 17
28 56
12 4
31 0
1 2
11 46
6 13
21 49
10 55
42 43
34 63
16 60
37 21
21 7
21 28
43 61
20 12
2 3
35 11
56 11
3 57
0 55
9 3
14 5
26 2
11 7
44 41
12 45
24 12
47 16
16 27
24 0
30 20
35 36
9 29
4 56
34 1
0 14
62 51
16 22
0 24
56 59
57 56
63 43
12 21
37 6
29 32
19 27
9 35
43 26
34 33
24 6
52 34
61 55
37 3
26 22
58 39
50 28
61 34
49 47
58 16
55 13
20 9
11 1
0 59
52 18
29 36
43 39
13 62
22 25
31 44
33 14
34 46
59 4
47 37
62 1
26 59
31 57
43 49
31 6
12 25
13 60
46 22
24 23
1 49
15 37
51 36
63 2
60 14
55 11
61 33
38 44
62 22
0 29
43 2
57 8
19 36
23 30
38 35
26 1
5 30
60 50
35 41
10 42
21 47
54 42
29 44
54 62
17 19
38 10
16 39
1 35
15 56
33 4
37 31
49 47
39 20
19 22
7 53
55 14
45 48
37 45
20 55
32 27
42 48
16 26
39 47
29 38
53 35
19 41
56 22
34 46
43 14
39 61
8 54
40 38
9 10
47 2
35 61
3 29
3 33
16 0
1 57
23 59
11 27
46 22
49 1
17 53
43 49
61 38
54 20
54 5
19 56
5 34
19 17
37 43
53 44
59 62
52 22
44 46
54 57
9 19
58 41
61 25
14 25
39 1
32 63
18 36
12 38
10 30
53 17
27 32
23 15
5 43
60 33
46 45
60 19
44 13
26 52
56 59
43 48
37 28
26 60
11 34
28 40
3 56
23 5
59 33
15 47
0 57
37 19
4 22
4 24
42 6
23 29
18 49
19 12
44 55
56 47
9 59
63 12
34 63
10 38
11 35
45 28
30 19
19 33
36 59
21 10
22 57
15 33
40 19
13 51
0 28
57 40
29 58
2 13
0 1
49 59
34 13
61 30
63 38
55 46
34 8
48 53
30 40
33 23
6 62
44 45
31 36
49 14
63 36
40 25
19 61
47 46
45 32
54 18
45 48
25 6
14 53
47 15
11 55
20 5
47 32
62 57
51 18
19 37
42 54
40 10
18 49
40 52
36 53
40 3
38 49
8 48
37 31
9 16
40 47
11 38
48 61
27 22
30 34
61 58
25 35
31 50
17 29
29 45
30 10
1 36
21 28
37 63
16 46
21 58
10 25
62 46
24 0
13 45
2 42
27 35
16 24
19 48
25 28
30 31
13 60
16 53
19 7
60 25
56 21
5 52
61 55
62 54
13 11
42 52
21 43
60 62
31 7
19 38
62 16
53 36
19 45
14 43
58 5
57 61
10 25
60 10
50 53
45 40
43 2
42 41
16 9
21 46
23 19
60 3
35 40
31 52
45 61
35 27
60 53
49 19
48 17
32 30
57 18
28 23
0 25
34 50
54 11
31 59
43 42
31 18
11 14
63 37
60 47
45 26
53 21
47 58
35 39
11 59
46 11
5 31
62 41
31 11
44 46
3 30
19 57
47 3
10 39
21 32
12 23
45 19
55 26
12 26
19 53
57 42
2 16
14 5
48 21
54 57
2 56
26 11
47 39
21 46
12 51
8 18
21 54
44 30
46 27
11 39
43 16
25 36
30 28
31 22
34 26
2 63
29 12
40 56
63 17
22 55
54 4
6 42
60 32
15 12
23 25
30 36
50 49
13 24
59 1
53 50
5 16
42 14
35 12
49 54
9 37
0 16
13 43
36 52
9 22
6 39
45 58
54 33
5 3
27 26
5 10
59 2
1 49
31 11
12 58
22 60
8 62
45 57
44 34
61 3
58 62
5 29
41 31
61 53
3 24
17 51
27 16
32 0
35 3
10 14
44 56
34 32
20 46
48 54
25 50
26 9
48 53
63 57
25 2
25 22
32 8
47 23
13 1
49 26
19 9
62 13
18 4
4 26
42 57
54 26
13 28
31 33
1 58
27 36
4 40
17 59
0 31
55 15
15 6
16 24
11 20
2 23
1 32
31 63
26 19
21 13
2 23
3 4
36 26
10 43
39 51
23 47
34 63
8 17
13 35
53 24
59 13
37 42
47 63
39 38
38 29
34 0
36 0
54 10
33 52
49 4
55 23
52 1
21 43
15 14
43 27
36 7
47 11
42 62
21 47
63 36
40 12
27 61
55 24
50 37
40 50
37 16
12 4
1 4
9 59
18 55
48 34
31 0
44 51
20 7
48 0
10 26
16 36
56 28
35 5
47 32
19 23
28 1
11 44
28 54
49 48
42 12
28 34
12 0
40 1
61 47
42 21
32 14
42 50
40 61
55 50
34 5
60 24
13 5
53 22
13 18
27 31
34 0
22 8
42 1
38 51
56 58
55 7
9 0
56 43
53 28
21 4
9 26
48 22
59 37
53 46
47 7
15 11
5 26
60 51
25 47
15 14
16 19
11 21
56 8
61 32
20 62
12 62
14 5
52 16
2 44
39 62
37 4
14 1
60 25
10 31
45 3
18 29
36 32
55 60
52 20
26 16
37 36
3 11
36 2
5 50
46 54
17 41
28 50
0 37
27 34
16 33
20 37
10 3
33 13
15 57
3 47
19 2
20 27
59 44
21 61
20 33
20 24
8 0
39 38
28 2
58 36
2 18
57 12
51 55
62 19
40 21
20 0
7 37
5 14
32 57
59 33
45 16
58 60
37 7
4 24
16 50
14 12
5 6
54 7
27 53
16 59
40 0
46 39
28 19
50 63
56 51
57 18
10 53
58 50
16 34
2 41
51 54
57 55
50 47
16 0
43 30
2 25
45 19
39 54
3 40
52 24
37 30
59 25
50 59
13 18
63 59
2 0
58 12
5 24
40 18
10 53
3 29
3 29
25 51
35 34
1 26
12 51
4 60
31 32
3 11
57 46
38 48
35 46
43 8
61 25
33 46
61 2
41 12
46 8
39 48
63 56
3 23
33 8
22 21
63 52
51 62
33 62
40 1
20 48
4 18
44 22
25 33
41 0
8 38
47 7
56 24
54 57
13 54
18 11
60 26
25 51
1 24
11 49
9 49
47 51
35 46
25 37
8 38
50 40
4 30
7 0
1 0
0 3
32 50
19 3
38 46
41 51
3 16
53 28
23 3
57 42
51 44
57 59
56 29
17 22
16 7
63 55
46 35
28 54
9 42
52 16
31 13
15 63
26 11
6 3
6 31
10 23
20 23
17 62
40 46
24 8
50 23
6 11
19 52
44 3
44 19
37 18
37 12
22 52
49 38
14 37
53 60
53 34
1 58
3 18
33 9
26 51
28 32
18 39
46 15
47 63
58 32
36 39
8 16
42 53
57 7
62 43
51 11
23 27
9 29
1 13
39 4
14 55
42 56
45 17
29 2
52 13
0 52
61 27
34 23
1 0
34 40
60 48
51 0
10 61
12 16
52 3
21 28
57 15
20 52
15 23
17 18
62 48
2 47
47 0
43 48
15 24
44 37
28 22
47 28
25 26
12 46
52 50
63 40
32 50
5 29
32 33
33 8
46 23
45 34
21 56
30 57
15 40
58 38
20 28
16 1
53 9
38 13
15 50
62 46
28 61
11 46
63 10
24 27
48 50
59 10
60 16
5 9
22 51
58 41
60 7
27 0
20 35
16 11
18 1
42 46
5 56
51 36
34 37
51 35
43 45
54 53
4 6
20 39
50 61
26 47
62 4
25 50
14 15
2 14
42 18
56 4
0 39
42 17
0 5
24 39
62 0
45 39
36 40
46 41
28 10
16 57
25 36
10 11
39 26
35 28
55 57
18 14
38 59
32 17
25 49
56 52
52 40
0 43
62 24
49 25
48 9
42 57
26 15
26 51
24 18
31 39
4 27
