230
46 16
49 52
49 54
37 63
59 9
24 22
37 34
37 7
31 0
57 62
23 46
6 31
30 43
23 49
42 49
14 47
6 22
26 36
7 31
3 6
21 34
22 6
4 52
53 41
10 15
36 11
7 55
45 39
7 14
11 62
50 16
56 41
24 40
19 32
57 12
52 51
12 41
26 21
53 48
5 12
7 37
11 26
6 8
58 60
37 24
3 25
0 38
21 16
44 4
10 55
43 56
57 47
28 30
56 32
24 48
10 34
24 3
15 34
32 35
3 57
10 45
62 43
2 9
14 56
22 42
54 26
7 28
63 18
22 7
22 13
29 15
29 43
46 17
49 42
9 14
4 32
20 54
24 3
29 52
44 11
38 60
57 34
29 43
53 11
34 45
52 28
50 51
54 21
58 42
9 6
4 5
57 24
35 13
29 1
40 24
12 31
5 63
22 4
38 25
32 59
12 48
44 48
51 42
4 6
5 26
49 5
42 15
1 37
52 19
44 0
5 3
6 7
34 23
55 7
16 56
47 18
21 45
39 46
18 36
3 63
30 37
4 59
25 61
40 60
1 35
29 40
53 4
27 14
20 36
9 42
33 37
27 34
18 9
18 60
0 4
51 55
10 63
4 5
6 63
46 24
14 62
55 52
4 39
23 49
5 31
31 8
46 10
11 58
9 60
5 35
3 21
7 1
26 16
31 33
43 39
61 31
57 1
39 35
50 44
57 6
10 12
55 49
35 46
58 43
28 7
44 17
29 8
53 46
51 41
26 63
36 2
28 21
52 31
7 40
58 25
16 27
20 58
56 63
32 31
39 28
54 51
31 56
23 33
63 3
4 7
20 48
36 35
15 26
63 46
44 48
16 5
31 5
6 15
28 26
40 35
2 14
9 47
62 18
27 44
30 27
47 2
55 3
23 62
54 50
24 31
62 54
59 63
49 44
36 34
23 4
36 8
45 33
3 54
58 2
60 26
42 40
25 11
57 3
29 54
17 32
32 29
21 47
49 43
37 42
28 12
59 55
46 19
30 37
38 22
0 42
8120
24 34
54 25
22 46
52 2
18 0
56 25
40 56
0 2
38 28
33 47
39 8
55 45
62 1
37 8
49 41
32 0
1 14
52 39
15 55
56 57
10 63
24 42
57 39
1 0
50 13
37 21
39 56
9 49
5 26
13 24
45 41
13 0
59 49
39 24
37 19
21 62
30 15
23 41
25 20
31 57
53 5
28 45
42 55
14 44
47 26
13 59
33 19
57 36
20 52
33 16
12 19
38 54
50 35
39 15
24 29
59 49
37 30
43 9
0 13
57 51
5 45
35 31
29 3
60 17
56 9
10 43
45 7
11 21
3 62
34 11
31 30
52 12
28 56
30 63
12 8
36 43
62 27
16 43
19 10
53 34
54 59
35 13
15 24
56 50
0 46
51 16
5 15
46 31
27 30
1 50
22 7
28 7
15 53
12 7
36 20
55 41
61 24
48 47
25 18
52 2
17 35
21 27
14 21
5 15
28 43
49 57
51 30
23 5
63 59
4 35
57 23
15 23
4 43
32 3
55 2
36 7
57 49
43 61
17 61
0 32
28 50
8 16
63 24
43 2
53 20
29 16
20 18
45 60
0 41
40 17
47 20
2 27
16 26
49 56
46 30
38 8
19 14
61 32
57 40
47 7
59 28
32 58
28 27
58 14
17 29
24 35
13 2
38 22
17 60
63 0
15 55
32 31
38 26
36 33
63 2
47 56
54 33
10 41
8 41
59 23
58 0
31 52
5 9
5 50
26 54
48 23
33 28
36 1
8 46
56 23
43 9
16 21
14 0
39 20
58 20
44 5
53 58
50 6
14 55
27 33
12 4
29 42
23 11
44 63
21 24
17 1
30 16
54 57
16 53
55 45
62 43
63 0
5 28
31 15
23 9
9 59
5 45
8 60
12 13
5 62
22 48
46 49
27 54
47 57
48 37
14 17
46 24
54 23
28 18
56 2
51 21
49 17
21 54
21 55
16 38
12 61
50 41
51 17
59 51
37 51
18 63
16 58
21 58
34 39
53 28
10 22
54 51
37 0
10 42
55 56
6 20
42 36
26 10
61 50
21 27
58 43
6 53
41 62
47 2
2 28
1 9
55 41
26 52
25 34
60 34
32 12
51 33
44 58
26 32
46 7
4 24
44 23
12 19
42 0
45 8
5 38
5 54
22 27
5 22
36 63
53 30
34 36
23 56
36 40
50 29
4 49
27 31
39 3
3 45
25 60
17 39
37 9
13 7
55 14
27 11
3 33
13 33
37 57
58 24
34 29
12 50
55 50
58 12
22 24
34 41
36 4
13 11
54 39
21 50
48 23
55 54
44 40
40 37
61 44
8 2
60 61
56 13
23 47
20 14
41 2
31 38
18 14
4 14
61 28
0 53
11 23
40 0
36 58
48 4
21 17
24 9
36 63
12 29
52 26
11 44
31 59
32 52
12 62
8 0
63 25
5 45
56 7
23 35
42 56
37 2
11 52
8 31
18 7
5 47
11 49
11 25
55 43
23 52
43 61
50 63
33 19
47 12
43 38
58 8
21 18
41 16
14 15
5 2
6 49
17 24
47 32
51 42
44 59
41 3
28 7
5 1
54 46
18 50
60 30
34 33
24 25
45 37
50 62
34 32
9 36
16 61
11 54
60 25
31 48
1 15
5 12
35 33
33 60
15 47
37 10
26 21
54 55
20 22
28 38
23 6
8 22
18 62
50 33
1 60
45 56
5 11
11 42
40 55
16 28
20 56
45 34
16 31
49 4
20 49
57 62
1 4
15 36
7 51
45 48
48 36
42 20
56 55
50 36
23 16
19 33
21 5
44 23
48 33
3 9
12 25
2 60
58 52
32 23
61 12
21 53
19 9
54 9
11 28
30 17
20 62
43 18
6 50
36 6
41 5
13 63
62 33
34 55
33 15
51 33
40 39
36 52
42 13
16 9
28 11
27 0
6 27
22 60
52 32
20 8
54 56
34 56
47 37
36 18
37 5
49 10
37 22
4 8
34 37
3 25
44 8
52 4
45 1
63 6
55 60
16 58
43 10
24 31
43 51
6 52
56 32
52 35
25 58
27 38
12 55
29 3
22 2
11 3
9 60
28 2
54 16
37 14
38 57
43 7
18 26
0 43
25 20
37 63
3 11
49 0
43 49
47 22
31 5
47 39
53 51
56 17
50 12
46 23
19 18
3 25
17 6
19 3
36 9
33 12
34 45
18 0
33 36
59 10
1 60
14 44
18 46
23 58
53 43
36 39
48 29
48 1
47 52
6 2
1 32
61 44
23 48
3 20
38 27
46 50
28 43
47 17
37 15
8 20
0 24
30 34
34 29
6 41
61 54
0 32
19 44
15 55
16 29
45 16
44 61
60 25
26 60
1 27
63 37
10 31
46 43
22 45
14 29
47 58
35 18
60 28
14 39
30 58
56 45
36 50
13 31
23 36
56 63
48 8
35 59
43 52
7 36
22 11
0 14
29 53
6 41
34 17
8 33
15 23
45 16
32 36
28 38
3 39
8 63
26 10
50 56
50 31
15 4
40 29
19 59
55 62
12 8
62 40
46 28
56 44
53 32
17 51
3 26
18 13
59 62
13 61
63 26
3 31
50 9
46 62
27 12
8 46
16 10
60 50
54 26
8 25
42 1
15 13
13 10
46 29
3 30
8 29
3 39
18 9
25 1
62 31
36 14
44 9
8 46
17 32
43 13
7 10
2 31
59 42
29 13
7 21
36 48
14 0
34 13
9 11
8 62
5 35
3 41
53 41
17 40
9 28
54 41
18 6
41 50
46 27
2 24
11 56
0 63
20 53
51 0
45 31
1 19
41 10
29 54
16 19
56 20
20 53
14 8
29 59
58 32
17 21
5 63
25 1
5 36
43 24
27 63
19 50
15 4
57 15
54 21
38 60
36 46
6 47
2 34
46 35
13 44
23 47
47 6
33 12
49 42
27 2
10 1
28 7
1 14
51 39
30 38
51 42
31 58
20 26
39 24
62 50
33 3
35 14
33 48
2 56
0 35
43 61
17 51
44 20
31 3
2 44
21 18
25 35
41 40
26 53
16 5
51 9
34 23
61 56
63 29
16 19
34 20
28 12
24 23
51 19
16 29
0 45
38 56
51 19
44 36
51 49
7 51
10 3
15 33
33 58
3 25
49 62
2 5
6 61
9 24
21 25
11 43
12 21
62 2
32 46
59 60
44 9
62 54
19 31
15 6
43 6
4 24
40 31
0 59
35 25
38 26
8 14
23 42
34 40
11 62
58 47
53 49
19 33
52 57
21 10
11 46
31 43
32 56
28 37
18 48
45 11
17 27
42 31
21 14
14 56
22 27
41 13
20 61
49 24
26 51
50 38
39 6
19 9
23 22
59 33
45 21
17 8
23 38
55 17
63 36
56 52
62 28
20 33
45 7
59 35
26 11
5 58
9 20
5 12
2 40
19 1
15 39
13 22
37 6
18 31
51 54
54 31
47 13
48 44
24 46
30 61
14 25
49 51
58 63
25 37
44 27
45 20
62 38
45 23
44 24
29 49
57 40
41 12
10 49
34 5
11 17
58 29
33 47
59 14
53 36
30 37
23 32
40 39
51 9
25 44
28 23
50 0
25 0
52 0
63 33
30 23
38 43
53 14
1 5
46 43
8 17
0 63
47 62
47 12
42 25
2 63
21 61
6 28
10 22
18 35
51 10
29 36
15 32
24 25
23 34
16 46
15 55
5 32
15 5
13 40
54 8
51 61
22 45
42 14
41 51
32 61
33 24
1 14
27 18
40 6
9 43
47 3
28 10
10 40
25 29
27 33
5 9
46 57
1 37
5 12
12 40
9 6
1 9
34 20
59 28
32 59
47 9
12 16
11 56
45 53
17 52
33 2
32 14
3 45
18 21
24 59
22 5
24 54
28 42
31 36
7 38
23 15
2 56
11 18
7 17
52 16
61 7
32 21
43 18
35 39
21 24
18 33
63 7
57 55
42 54
3 31
50 29
52 3
7 56
29 30
25 4
33 5
22 42
18 1
12 56
24 38
7 11
6 4
35 9
57 24
37 39
4 37
61 56
21 43
16 57
19 10
18 20
38 46
42 22
38 1
52 18
36 40
53 57
22 33
8 17
0 25
37 29
48 19
19 47
59 27
29 7
24 12
35 0
9 63
50 56
38 25
56 54
58 2
2 58
8 18
35 51
41 48
35 30
25 49
38 43
15 5
29 57
40 51
18 2
57 56
30 62
24 52
13 31
31 35
53 45
4 15
18 50
14 5
53 27
49 43
54 55
16 58
63 10
20 32
7 56
0 2
44 22
28 40
22 15
37 47
38 34
48 57
45 44
55 7
50 11
37 42
7 17
44 20
59 44
42 52
45 25
23 24
37 23
36 35
23 53
10 44
9 59
12 4
11 59
34 11
18 62
28 14
11 31
55 2
59 10
49 8
61 45
62 22
30 13
7 35
33 51
9 48
14 26
10 7
4 23
26 14
4 28
49 47
40 18
22 51
3 44
13 32
23 3
28 43
35 29
56 62
51 12
39 37
21 55
50 21
49 17
19 59
19 62
31 27
36 14
26 38
32 35
39 53
46 40
43 19
5 28
23 24
36 10
63 22
36 25
53 35
22 46
62 16
48 7
37 7
23 55
29 14
48 12
46 50
59 45
16 30
42 7
26 13
41 60
44 34
54 4
55 5
56 45
53 37
60 30
61 55
15 36
49 56
25 39
8 54
49 34
27 4
55 57
36 54
48 31
6 10
43 20
62 14
36 39
39 55
31 29
34 31
15 44
21 27
63 46
25 16
14 48
35 30
19 9
31 62
58 13
12 4
19 38
25 22
46 60
57 41
16 51
44 55
3 44
18 45
28 43
30 17
5 18
34 5
20 54
58 22
59 42
52 16
33 13
53 20
59 34
23 15
28 39
19 50
52 42
47 52
9 13
27 22
55 17
58 12
37 43
23 33
48 16
63 62
9 46
29 35
18 27
3 53
54 10
32 4
49 2
11 15
42 14
45 14
17 22
50 48
2 26
32 2
39 36
54 37
16 7
9 17
29 15
23 2
32 36
29 33
2 45
53 37
46 32
40 46
34 39
26 30
25 30
34 48
47 57
50 26
53 13
30 21
5 51
28 63
33 47
48 40
62 3
36 32
40 22
42 23
25 12
25 55
22 45
7 43
37 4
47 28
5 36
13 16
23 31
9 36
36 59
56 25
43 15
43 37
34 61
59 23
57 55
54 37
9 41
38 42
34 3
2 19
45 59
55 4
24 50
51 5
47 32
25 33
16 18
33 34
44 6
25 26
23 31
46 0
10 62
61 34
53 31
50 6
10 19
7 12
54 29
49 62
48 5
54 12
63 44
54 45
22 58
16 19
15 40
28 40
8 37
35 10
3 45
19 23
28 52
16 48
39 4
15 7
18 1
42 56
45 37
12 54
39 43
39 56
9 38
46 1
16 33
43 15
36 14
35 48
47 25
15 24
57 33
6 59
42 19
45 15
41 43
49 36
30 51
5 35
58 25
55 17
44 5
49 37
27 21
21 17
29 9
35 37
51 41
1 21
47 5
41 1
0 31
42 45
32 45
59 52
2 11
35 31
17 0
33 41
22 10
59 50
15 50
4 34
28 36
44 0
6 34
36 23
61 24
25 3
39 57
59 20
7 30
58 63
56 63
38 39
16 51
21 16
6 43
46 32
15 6
28 29
24 17
18 48
27 59
46 7
29 5
47 54
46 1
21 24
15 16
22 42
55 60
12 7
42 58
7 39
56 54
49 24
60 10
5 43
4 63
0 19
62 30
10 55
6 18
29 20
19 41
62 52
53 36
9 20
40 8
1 19
36 37
24 57
44 46
6 56
9 8
31 63
29 3
45 9
25 39
55 18
57 36
54 59
57 14
56 38
13 18
47 2
49 4
13 3
13 55
63 11
41 50
29 7
53 6
11 44
50 9
61 2
10 30
12 22
43 15
48 32
45 5
29 53
19 14
52 8
4 15
26 2
21 46
12 40
32 39
34 55
60 8
39 57
13 25
59 40
25 32
59 29
19 32
18 0
61 55
55 24
27 58
50 41
54 19
41 30
18 5
50 61
38 17
62 56
27 46
61 60
18 21
10 41
54 60
32 38
26 40
56 24
53 40
45 48
57 2
16 25
2 5
5 45
23 25
60 44
12 16
30 40
56 55
6 3
50 25
23 13
50 34
8 58
17 32
50 60
31 53
9 20
17 16
58 21
38 2
0 24
11 28
50 15
6 23
17 12
18 17
5 28
17 46
58 32
29 15
12 49
12 45
40 39
35 2
33 45
36 26
36 0
63 53
13 57
4 16
33 61
21 24
30 45
42 57
46 25
26 39
24 19
32 7
10 45
53 57
25 52
47 27
43 60
26 52
28 8
52 2
13 20
6 22
47 43
51 50
62 13
5 52
48 33
9 37
25 54
33 18
60 25
18 57
21 10
7 28
59 0
48 53
45 5
14 16
55 6
57 32
43 5
38 52
30 6
39 19
52 5
41 1
16 63
39 54
3 11
53 41
52 42
55 56
54 24
31 58
10 16
57 52
30 27
14 39
35 47
34 21
36 25
7 4
22 11
9 62
3 35
57 9
58 41
37 20
16 2
36 54
39 11
47 16
6 37
16 48
21 14
33 53
53 52
1 35
10 7
14 36
9 6
0 56
10 59
34 29
26 18
55 24
2 0
4 0
48 41
51 60
39 52
3 38
48 9
33 27
7 20
18 34
2 50
35 7
10 33
58 15
63 10
50 2
11 31
50 1
15 41
14 59
2 53
43 11
57 27
28 57
53 42
12 17
24 49
33 12
7 55
9 22
23 40
8 12
18 41
54 36
11 22
37 50
52 47
16 32
22 32
38 24
14 34
49 8
7 1
29 49
17 16
61 5
9 55
32 13
39 60
47 22
20 51
26 59
36 56
41 8
2 58
20 13
61 5
0 15
42 57
0 51
56 10
18 37
33 31
19 58
24 11
51 48
7 21
32 35
62 25
24 23
41 43
22 9
36 48
11 28
27 48
29 37
9 62
23 4
25 61
15 31
30 62
35 26
45 51
56 27
49 61
63 60
44 30
46 37
19 56
0 37
4 59
55 28
55 49
56 58
63 37
10 62
11 27
26 39
0 35
32 35
31 54
24 31
10 33
0 37
32 34
38 7
52 51
6 36
58 52
16 54
14 40
15 3
52 30
30 1
10 37
28 20
35 44
53 38
18 62
23 35
58 28
36 7
53 16
30 27
31 51
30 58
44 42
19 17
39 13
8 32
38 24
2 40
1 47
61 3
10 50
20 11
56 26
34 9
25 23
18 55
40 19
15 44
48 47
35 29
41 32
35 43
48 0
63 11
40 41
15 39
17 45
16 21
56 19
51 15
27 52
13 35
17 43
5 62
4 54
2 23
59 40
54 62
34 18
17 23
10 39
25 28
62 58
63 7
4 15
24 6
14 17
5 36
34 0
39 60
59 1
56 46
39 63
27 46
54 47
7 19
15 0
41 50
34 48
3 17
3 29
5 63
45 55
26 25
22 23
51 63
34 16
62 5
5 46
46 45
59 37
27 24
58 1
50 16
6 31
12 21
62 41
44 38
51 42
35 14
32 6
10 48
21 32
45 21
7 44
40 20
14 58
28 46
51 20
4 50
20 19
32 15
54 18
24 19
29 37
27 20
44 35
17 28
12 45
1 20
3 40
17 6
12 53
60 31
15 43
48 40
13 47
17 12
24 1
23 50
38 56
43 9
15 27
20 60
41 23
13 29
51 6
30 38
46 39
0 53
57 28
22 0
35 3
52 36
60 11
31 23
6 33
56 60
25 61
19 13
61 21
16 0
27 59
11 1
25 21
50 30
4 59
55 36
16 37
27 21
10 17
52 31
43 56
0 7
38 59
59 50
48 0
5 56
39 3
29 39
40 2
31 38
56 63
41 32
16 6
25 46
19 15
21 47
48 56
57 11
41 32
1 54
31 17
46 11
8 4
54 2
31 10
19 33
2 59
12 29
6 1
51 5
6 43
24 50
53 21
20 12
28 59
11 47
29 39
47 15
18 17
61 21
27 31
51 33
5 3
58 42
35 20
30 60
36 58
41 5
4 42
29 20
33 34
33 22
63 16
61 32
22 19
45 2
49 26
63 14
58 27
19 14
63 8
24 20
39 24
0 28
20 55
58 3
37 3
13 26
3 42
22 47
9 12
51 32
4 59
4 11
37 43
20 48
9 6
3 27
22 4
28 44
9 17
52 17
29 38
17 0
32 1
31 36
20 48
55 34
27 60
14 61
57 61
54 3
26 62
9 45
63 49
9 28
46 61
37 9
53 2
54 50
36 35
1 47
37 0
15 62
6 46
19 44
50 49
52 12
13 51
41 42
61 56
46 38
40 56
61 1
5 19
25 35
11 24
50 62
12 32
29 23
10 12
25 51
39 23
47 54
35 15
60 3
41 11
24 17
11 37
61 5
26 11
20 51
11 53
21 45
36 27
14 5
25 18
46 45
7 19
33 41
27 30
5 48
14 22
30 41
32 37
61 41
29 15
16 13
57 43
49 7
35 44
12 30
60 13
39 47
63 0
54 24
37 15
43 37
52 23
17 24
6 56
44 28
31 40
40 24
48 36
26 13
11 46
19 59
42 40
48 50
0 60
1 62
9 60
16 9
22 26
22 18
6 30
11 4
40 52
47 12
51 28
30 13
41 59
36 42
33 36
45 28
28 44
63 47
55 14
13 32
8 45
9 58
18 0
49 28
29 54
28 0
48 19
51 33
37 58
45 32
36 61
33 61
45 59
0 46
44 19
30 50
32 15
46 24
61 27
11 19
23 52
33 53
41 48
9 2
53 28
58 38
61 35
28 23
20 0
29 57
18 16
31 62
27 24
44 30
16 3
51 53
15 52
49 26
34 6
62 49
37 4
49 61
33 6
30 1
28 1
36 40
45 44
17 39
57 12
17 2
22 16
16 55
5 23
59 43
46 61
17 56
37 17
9 33
2 53
31 17
60 21
51 40
10 60
8 5
2 46
8 42
12 23
23 11
38 26
15 34
60 17
63 43
53 36
55 47
42 53
46 39
18 50
40 18
41 48
34 18
34 27
42 1
34 16
46 5
24 43
10 45
16 34
18 40
30 46
3 4
14 6
49 38
29 58
44 1
3 13
7 19
61 7
62 11
54 9
23 13
3 36
13 55
13 42
22 55
27 26
41 30
4 44
37 46
20 25
22 19
41 19
22 36
8 30
1 41
16 55
44 2
47 23
6 25
9 47
20 55
32 59
57 53
9 47
29 38
56 37
55 26
58 14
23 39
22 30
13 57
26 59
26 14
47 18
14 28
23 50
50 18
25 19
55 61
56 29
7 25
55 61
60 5
47 3
16 24
55 7
1 11
31 13
24 51
13 36
17 53
27 55
61 39
25 55
15 13
57 41
6 21
30 11
51 30
40 24
38 39
35 20
26 1
57 32
44 62
10 36
22 0
61 43
59 55
5 27
50 10
49 63
28 8
7 15
55 12
51 30
30 18
38 62
21 62
46 42
46 44
21 58
16 30
57 60
40 48
33 31
24 39
27 53
29 23
54 28
6 1
27 52
50 48
39 36
5 59
50 21
33 29
52 6
17 47
28 45
27 46
25 13
41 35
8 56
12 38
49 34
28 62
9 19
38 27
29 44
7 36
11 7
50 34
27 43
46 26
47 42
21 29
57 26
36 12
19 58
26 16
56 63
55 14
2 29
56 33
34 1
48 47
62 36
19 14
36 1
32 24
32 38
34 63
21 13
39 7
30 57
17 26
11 61
53 52
17 46
29 57
27 56
58 13
14 20
14 51
19 60
1 34
59 36
54 14
10 17
5 61
53 12
17 23
11 32
12 44
42 15
24 25
40 60
60 26
38 17
45 62
35 48
44 3
26 30
57 40
11 31
10 44
56 55
37 44
1 28
57 25
32 21
13 23
33 53
33 16
42 38
18 44
43 62
35 51
22 39
3 13
5 48
19 26
59 54
25 40
0 54
0 57
7 19
4 9
62 32
37 60
46 24
33 36
7 10
3 1
25 61
42 45
3 58
44 27
36 21
17 32
19 0
33 42
40 53
45 41
63 16
39 56
42 49
18 60
33 49
8 50
31 34
41 30
41 56
40 59
1 61
9 39
40 62
39 54
19 51
12 8
55 44
45 30
28 43
32 22
14 18
54 16
7 32
22 1
9 23
17 44
13 26
56 30
7 29
27 58
44 16
1 31
21 54
3 6
57 10
52 8
58 1
6 60
42 53
47 38
48 28
52 2
4 54
15 54
63 34
61 50
25 15
61 49
43 16
2 35
50 39
30 42
50 61
29 47
41 51
58 17
49 13
56 28
13 24
30 10
8 47
3 1
12 56
20 57
21 33
17 49
11 21
32 13
5 62
32 55
39 12
37 1
47 28
32 20
42 26
33 34
60 41
16 48
27 52
6 60
20 32
22 17
1 23
13 6
49 3
17 15
31 7
21 3
55 13
53 63
2 54
36 5
23 57
19 7
54 7
31 5
56 7
32 19
53 45
47 19
53 1
0 15
32 14
53 31
0 1
24 34
3 25
51 14
11 9
29 37
50 18
36 35
14 58
13 41
16 51
56 16
26 54
35 33
8 60
17 11
39 30
24 3
4 28
17 7
25 57
62 7
1 36
38 52
13 51
24 11
44 18
52 9
40 60
17 25
50 6
20 6
61 23
12 11
37 51
19 23
25 29
41 36
48 57
38 18
12 28
19 44
5 3
19 2
51 53
2 51
9 59
62 38
53 3
58 40
9 3
28 1
53 52
24 1
50 58
18 29
7 32
37 11
42 13
36 57
46 25
1 56
28 11
3 22
43 0
12 52
6 51
62 58
5 54
45 60
34 33
49 61
13 55
58 0
30 56
61 24
49 37
40 44
27 7
6 45
17 29
50 41
56 38
10 49
20 2
36 48
37 30
18 40
35 52
58 45
6 23
30 48
33 30
56 47
15 50
44 35
61 30
24 23
59 9
41 61
25 56
5 20
31 28
52 61
19 3
34 51
21 46
40 16
39 63
9 38
50 11
56 43
25 49
9 29
42 47
30 48
15 12
51 54
21 22
58 42
54 41
33 5
10 56
14 47
11 61
31 12
0 36
0 26
50 8
45 28
3 51
12 20
61 60
48 45
27 3
8 36
34 46
22 63
31 6
29 46
27 57
10 15
44 57
35 3
45 29
49 1
17 47
38 11
38 6
4 40
46 13
59 36
24 20
20 30
19 56
58 50
59 63
53 24
10 16
32 28
21 24
13 51
57 53
37 18
31 63
24 53
30 44
5 2
23 45
9 0
40 28
53 15
61 60
61 26
31 15
40 18
23 42
51 36
15 28
36 56
19 37
49 36
38 8
34 9
38 1
37 62
53 27
27 13
39 60
50 18
36 47
20 47
14 2
27 4
16 25
8 38
45 29
39 37
12 53
13 26
41 15
43 17
25 8
58 34
41 6
48 24
23 38
4 52
57 23
28 29
7 35
42 35
47 58
50 63
46 22
5 21
54 7
54 51
19 24
41 38
53 60
29 23
17 56
0 2
11 46
30 10
1 43
29 36
45 48
56 19
15 35
62 32
12 34
29 32
22 11
41 46
2 10
34 63
11 22
30 57
53 40
52 63
12 20
25 35
1 51
51 62
7 8
0 28
22 4
33 38
60 34
11 53
55 28
21 10
60 24
27 17
61 52
5 7
11 41
27 8
15 1
16 19
29 13
26 52
13 20
35 13
28 60
16 48
44 52
25 40
4 55
21 6
38 44
33 48
40 15
16 10
9 33
10 32
15 46
46 30
42 49
55 21
26 49
63 38
3 2
8 2
60 19
32 49
48 56
52 26
30 63
0 40
13 47
22 51
27 30
15 41
17 9
28 18
40 33
7 52
59 28
49 22
30 4
31 15
60 1
15 30
46 36
45 1
25 18
17 11
4 52
1 62
14 38
28 44
61 63
26 4
55 51
56 45
34 33
40 53
42 60
7 46
41 55
2 14
63 29
39 37
56 16
30 41
19 55
55 2
60 14
9 1
22 56
55 49
5 52
20 59
39 46
16 10
57 23
36 18
36 58
29 62
24 37
31 30
29 41
50 10
3 4
25 33
26 39
1 52
11 4
14 23
31 16
4 2
1 58
47 35
46 26
42 32
39 2
24 62
53 18
63 43
46 20
47 12
51 3
33 55
62 26
55 59
61 53
51 45
63 53
60 58
49 55
59 56
25 6
6 25
14 55
43 59
36 35
58 0
46 40
53 9
31 22
29 2
27 30
3 42
11 16
35 48
7 59
61 2
7 33
25 24
6 54
34 58
41 4
54 34
26 2
62 14
3 21
57 37
48 5
49 21
42 62
41 52
57 26
23 1
39 46
14 54
17 0
7 20
30 41
50 38
24 29
61 42
12 15
18 63
52 4
1 37
36 4
60 42
12 19
17 31
36 20
1 39
13 45
43 25
18 19
41 45
29 28
5 35
12 1
35 24
50 44
13 0
49 1
33 15
46 44
58 18
61 6
16 3
55 34
29 4
53 54
39 52
32 60
27 15
5 14
41 7
34 54
12 63
31 46
38 63
5 11
46 47
6 10
61 39
15 20
14 48
27 33
59 60
58 16
12 16
18 49
54 12
41 38
51 29
26 59
13 62
16 14
27 61
42 29
26 29
31 23
22 33
42 16
50 62
53 1
13 19
45 27
39 19
31 12
12 30
39 34
55 43
61 3
45 59
19 31
49 50
38 16
7 57
22 13
46 30
9 61
20 18
33 49
35 39
62 50
42 34
4 22
9 50
9 27
54 34
21 24
61 24
52 48
43 1
0 57
50 40
8 62
60 47
21 46
58 6
25 36
23 35
55 47
19 35
16 1
58 28
61 13
32 48
33 17
5 32
39 26
21 11
61 49
29 5
2 33
15 49
54 52
22 51
6 44
47 15
42 38
58 57
28 41
36 42
57 30
1 34
6 30
45 30
49 56
56 12
8 21
36 26
52 10
35 19
31 49
35 7
1 52
38 15
3 48
54 8
63 32
42 52
54 31
24 35
48 18
15 63
42 22
41 12
22 51
9 21
33 34
57 36
39 62
6 39
54 23
58 49
42 15
13 39
2 21
5 21
38 21
16 22
40 29
55 44
24 63
56 22
29 49
29 43
41 6
15 13
4 20
14 48
51 10
28 43
0 17
19 50
5 20
51 49
1 20
11 2
35 29
39 57
56 16
47 63
43 13
50 41
45 29
39 0
37 23
8 27
29 36
57 25
4 22
41 44
23 16
37 13
22 4
63 6
0 20
27 46
51 58
15 3
27 28
31 0
55 11
26 50
44 16
63 18
26 59
57 25
53 19
51 34
39 29
20 10
36 56
37 9
1 62
44 10
42 17
25 61
41 48
56 20
41 34
59 56
36 40
51 30
56 8
25 36
24 57
28 13
33 26
63 29
34 31
5 11
16 47
33 28
50 25
52 12
60 19
44 14
63 48
16 8
32 18
6 46
11 4
59 24
16 15
12 51
1 53
37 41
8 30
23 25
37 61
3 19
50 31
15 45
5 61
39 51
57 7
39 40
34 12
18 14
40 50
53 17
33 63
30 63
22 47
49 48
1 10
63 22
16 34
13 44
16 51
58 2
37 17
2 63
27 13
37 18
12 57
22 25
12 17
1 15
47 11
18 44
23 4
34 36
63 38
3 60
24 8
46 40
6 34
35 60
5 41
33 21
20 7
9 10
19 24
58 22
24 47
37 57
49 5
34 32
27 4
4 36
46 25
30 57
17 53
1 31
43 48
14 53
58 44
17 47
24 35
34 42
48 32
35 31
28 6
46 61
31 24
26 61
18 59
0 29
31 1
24 33
61 5
39 59
59 12
26 3
51 27
60 62
1 60
41 54
8 22
42 63
54 21
7 54
33 57
35 25
8 46
12 62
1 18
16 20
12 1
40 13
23 21
46 32
0 37
0 2
32 19
33 30
4 23
9 37
38 61
41 63
60 17
4 43
20 23
49 18
15 36
13 30
10 45
57 63
25 37
52 19
52 35
57 27
10 23
56 6
51 5
12 62
60 25
11 12
32 58
0 27
31 23
41 13
0 24
28 59
23 9
7 25
35 29
50 45
27 58
26 41
54 35
23 22
8 14
13 57
13 40
3 12
16 8
51 19
26 12
58 47
24 18
57 4
3 40
54 27
13 0
3 23
21 8
45 40
17 37
48 62
38 4
32 0
23 17
29 33
58 10
53 41
54 24
41 23
52 23
19 34
27 13
61 23
18 3
7 2
49 30
19 29
63 21
55 10
29 39
2 5
34 14
10 60
20 34
55 1
22 5
13 28
10 49
27 12
60 36
1 54
38 15
39 63
13 51
58 44
8 20
4 32
6 34
54 35
1 9
27 17
59 30
0 12
59 36
44 21
8 29
54 17
53 35
48 63
13 8
8 42
35 54
25 41
45 9
44 38
43 9
18 25
3 0
9 50
18 5
3 63
54 44
24 40
36 35
29 33
5 17
12 22
5 32
40 49
9 48
2 17
27 4
29 12
36 22
47 11
47 15
25 19
8 57
54 55
38 17
37 53
22 37
60 58
60 8
39 30
40 29
18 35
29 59
62 15
20 57
52 21
35 51
26 7
39 12
11 51
56 45
4 21
24 56
35 58
56 13
53 22
51 47
24 17
4 32
31 35
54 23
11 32
55 3
3 34
48 29
12 55
4 21
56 19
58 6
33 34
20 29
35 37
44 16
32 37
5 17
9 41
28 34
1 16
38 28
46 45
62 36
36 37
18 40
16 15
23 52
54 34
38 33
53 3
59 37
48 38
50 40
1 8
20 0
21 41
40 38
54 30
40 5
51 28
58 6
5 58
22 40
62 51
45 22
10 40
49 59
11 38
2 58
50 26
1 61
2 19
38 9
16 14
49 52
55 41
41 23
33 57
52 24
60 57
63 46
10 52
33 51
36 26
5 37
4 17
2 10
47 29
15 62
51 41
48 57
61 5
38 44
40 7
31 2
20 1
54 33
47 34
50 20
25 17
60 20
40 50
27 63
16 25
49 37
48 52
50 25
43 33
26 38
61 38
19 60
53 17
55 25
49 57
47 2
16 60
11 21
53 41
44 26
34 39
45 57
61 49
57 35
49 22
3 40
40 28
55 25
22 7
13 27
63 26
31 61
33 43
48 0
60 55
15 9
59 29
48 6
3 49
59 29
48 53
44 45
41 55
52 18
31 2
58 4
45 17
50 22
58 1
63 3
62 36
23 59
38 7
51 21
24 4
43 15
35 7
28 12
11 36
41 20
36 10
33 49
57 30
4 13
62 48
52 7
54 7
14 60
56 50
32 46
35 47
14 47
19 53
23 30
42 53
30 55
45 11
58 51
32 3
42 60
35 39
44 41
52 53
62 59
29 0
4 12
31 37
50 9
26 36
30 35
30 62
20 19
14 36
15 1
44 23
20 38
17 24
49 20
2 20
11 46
13 58
47 2
43 35
42 59
15 11
61 45
40 49
37 12
29 59
18 58
48 38
15 53
20 13
49 9
56 35
3 30
54 55
36 40
25 53
20 60
32 33
56 23
60 9
10 15
28 24
53 24
11 5
2 58
13 53
18 57
56 14
29 62
22 31
40 42
0 41
51 33
31 1
58 10
38 40
36 29
5 27
19 58
14 0
58 40
8 43
35 51
29 13
62 4
53 49
20 19
34 37
50 33
37 32
30 6
59 29
39 2
32 42
61 4
6 33
26 30
11 33
42 7
2 60
19 35
17 4
48 37
51 37
50 51
25 26
55 4
39 58
47 40
26 49
51 14
45 52
33 26
55 23
4 59
22 31
27 24
28 5
4 23
5 57
29 25
40 27
30 36
11 7
39 36
18 33
21 42
0 33
46 60
44 50
24 1
30 18
48 26
29 31
16 7
19 46
21 2
9 57
26 2
32 37
35 19
35 8
56 35
53 62
28 40
31 54
56 55
21 40
3 4
34 45
63 21
16 61
15 52
37 60
54 44
1 59
0 19
56 24
24 3
2 50
50 55
39 45
24 6
27 3
63 41
27 62
6 51
25 17
6 20
6 22
11 60
27 46
54 62
48 63
12 51
29 54
14 58
57 50
49 43
9 1
41 32
17 29
3 42
37 23
18 41
15 24
56 35
24 44
8 16
5 10
12 43
3 60
26 24
14 33
30 2
10 16
41 34
25 54
53 55
28 56
32 2
42 10
37 35
23 29
53 13
5 53
61 40
7 53
17 55
60 54
4 23
45 13
29 0
50 34
42 29
5 2
32 48
13 36
47 5
23 61
21 11
16 49
50 41
57 22
56 21
18 48
39 14
18 30
18 11
17 43
16 22
23 12
4 11
0 19
16 53
58 0
25 6
4 55
41 22
17 48
3 52
54 5
21 59
46 45
4 22
19 55
58 1
28 5
40 5
9 42
56 32
61 38
46 24
47 13
10 56
50 55
49 48
4 11
5 13
25 27
4 49
22 44
6 31
6 2
12 9
25 19
23 54
1 23
18 54
42 27
23 21
51 35
13 34
45 2
6 41
1 16
40 47
5 62
59 25
5 54
63 52
20 45
25 40
17 52
7 22
2 45
31 20
53 2
38 53
21 16
37 31
34 10
33 51
58 52
4 20
25 41
23 7
33 53
31 15
53 37
50 26
3 9
42 21
10 33
47 6
58 23
35 3
40 6
25 1
35 18
35 6
35 21
26 63
23 19
26 19
2 38
20 55
32 6
41 37
28 55
21 3
33 42
9 35
53 23
56 3
3 35
47 10
51 41
49 44
49 52
57 17
46 25
52 20
39 51
39 58
23 10
61 49
29 9
23 38
34 13
45 32
4 47
26 15
26 39
60 20
28 24
35 13
8 22
9 13
14 61
1 45
17 14
37 49
4 56
9 52
62 0
36 46
37 19
10 42
3 48
19 35
30 20
39 21
14 36
3 44
48 43
6 23
26 13
26 55
27 0
6 11
51 24
28 3
29 21
37 48
21 41
51 19
2 52
33 13
23 30
33 16
16 21
57 15
56 23
38 52
54 58
14 36
60 49
34 36
56 26
41 30
40 32
46 40
17 0
9 0
51 48
7 20
22 30
9 5
11 18
12 51
26 39
20 41
11 41
32 58
12 35
20 38
23 47
59 9
6 3
14 1
28 25
1 35
22 48
58 19
23 34
34 46
26 0
25 15
11 39
46 40
20 18
24 35
9 60
15 9
57 7
15 6
3 34
24 4
62 22
60 63
35 10
31 63
6 31
30 14
45 35
51 24
44 16
54 15
55 27
4 63
32 51
51 18
48 25
57 34
3 43
24 5
53 22
51 38
40 0
56 23
21 5
29 27
37 49
10 34
15 46
49 42
28 37
15 16
19 48
47 3
63 34
3 4
53 38
53 8
2 46
56 52
28 59
44 19
23 38
34 12
23 1
43 26
40 55
12 44
54 60
19 31
35 45
3 53
17 57
61 15
28 51
54 0
50 17
4 61
37 14
41 26
2 22
55 15
56 42
30 3
40 15
57 28
12 41
25 55
23 38
25 20
34 6
21 49
47 18
37 33
62 33
12 6
22 51
29 44
53 15
4 45
60 5
61 47
2 46
37 15
38 51
10 21
20 47
24 41
19 40
41 26
52 57
36 54
44 53
33 2
8 3
32 11
42 39
61 48
11 58
44 63
43 61
25 6
57 44
17 14
61 39
42 7
53 33
45 37
42 33
3 0
11 53
39 12
6 7
8 12
23 42
47 23
47 7
36 51
19 61
17 2
15 13
45 38
57 63
45 47
44 56
30 0
51 63
54 42
41 42
49 15
61 31
20 58
13 44
46 4
26 20
18 28
19 34
4 14
61 40
8 27
40 8
23 1
55 48
55 39
7 39
28 23
41 4
9 54
34 2
22 43
5 0
56 58
27 28
48 34
8 57
21 10
30 55
6 31
39 36
48 53
58 27
48 20
33 3
49 16
47 35
22 54
14 56
20 11
33 43
5 44
19 26
20 35
49 52
10 15
25 50
38 17
1 59
52 33
13 31
56 47
46 8
21 47
61 54
33 9
12 43
45 8
44 39
22 37
9 4
40 23
36 62
37 63
35 3
54 26
7 45
16 53
56 61
42 58
52 39
32 8
4 11
5 3
35 22
50 8
25 31
12 44
5 51
48 17
25 63
1 57
63 31
51 16
1 14
30 39
33 39
22 5
43 7
5 11
13 2
0 29
15 30
58 54
43 42
6 61
51 10
21 52
25 21
56 55
19 8
19 35
20 30
4 6
15 58
13 42
54 30
30 7
50 21
18 23
22 16
1 41
19 17
53 49
30 49
28 46
52 47
22 49
55 30
26 62
45 26
5 55
1 25
52 27
52 26
45 39
42 59
11 60
0 41
57 7
21 19
36 50
39 6
39 21
8 37
36 8
60 9
60 52
46 42
15 40
55 16
0 32
54 17
54 52
3 17
26 38
22 33
0 18
12 21
31 42
24 30
26 47
42 53
56 39
59 10
50 0
9 13
0 38
24 48
15 47
16 61
49 60
14 50
44 31
21 26
17 33
27 53
27 7
45 31
48 15
13 44
29 2
25 40
12 47
15 38
33 51
34 14
36 54
57 56
6 37
16 6
36 40
4 56
3 28
22 54
33 46
5 60
10 50
27 24
63 24
56 44
0 61
51 57
47 20
37 18
5 2
30 27
58 16
62 9
38 49
63 32
54 13
21 16
58 44
13 14
60 31
44 59
9 25
9 19
62 9
31 8
39 11
25 50
1 17
21 31
52 18
51 28
11 49
4 18
14 50
11 51
39 32
47 62
35 21
25 18
45 23
41 39
31 47
34 13
18 53
17 25
54 35
38 30
15 58
8 34
36 19
12 23
28 34
13 54
39 58
23 24
2 43
19 0
4 47
19 58
22 24
28 11
9 21
36 38
17 0
48 2
13 9
20 26
9 15
7 58
34 47
22 61
28 38
20 42
17 12
54 14
35 59
19 8
20 39
31 25
20 45
55 12
19 38
38 1
18 38
13 51
63 41
43 40
16 54
26 23
47 32
34 8
12 47
40 25
18 29
38 51
43 37
45 31
55 34
39 10
51 5
4 53
62 6
34 33
45 36
51 32
45 16
33 0
35 4
61 28
34 54
40 44
2 58
52 16
9 14
60 23
1 29
58 9
33 8
62 19
36 19
49 44
24 11
43 16
48 53
42 14
34 35
35 31
12 50
61 33
9 7
48 16
55 51
33 62
35 48
22 21
52 60
6 13
16 8
51 41
15 37
0 52
18 50
17 49
16 56
54 34
30 54
59 42
16 8
42 43
59 12
9 45
55 60
40 56
61 60
10 36
29 62
61 26
53 58
0 42
47 6
57 47
56 59
52 40
41 23
62 3
57 2
4 25
40 17
1 38
27 48
29 5
28 17
41 12
28 43
35 27
8 48
33 10
9 7
48 54
36 13
21 41
5 41
14 40
19 48
38 18
9 36
10 29
18 30
56 13
50 24
40 30
59 54
1 8
22 7
58 23
42 54
46 20
53 26
61 6
12 36
16 4
32 43
42 29
40 43
45 25
4 24
33 10
39 6
8 33
2 14
1 27
59 22
28 49
59 2
43 24
36 62
21 61
9 35
6 49
47 21
45 41
11 29
27 0
54 16
23 57
8 49
10 6
46 22
57 9
60 36
16 60
13 16
51 10
51 4
19 48
21 59
14 3
45 53
44 53
55 1
48 7
37 12
51 45
25 27
6 41
19 35
1 51
62 34
60 32
38 58
21 60
40 10
50 54
61 17
55 51
2 53
56 1
56 24
25 20
27 13
22 30
2 9
36 2
42 26
3 49
32 1
35 20
11 7
31 23
60 22
52 27
52 25
1 22
6 29
27 8
48 32
49 51
30 51
49 31
57 41
52 9
30 46
32 6
17 26
26 15
30 46
34 62
63 35
17 0
49 28
60 31
56 50
36 2
60 3
16 22
53 33
50 5
29 7
24 20
8 40
20 29
59 60
24 3
11 27
16 19
35 1
8 53
43 47
15 42
59 20
18 28
50 63
3 55
48 44
1 53
7 44
23 17
9 53
51 42
3 21
63 61
51 12
54 42
27 46
14 4
25 44
56 31
48 5
20 39
42 14
35 44
16 1
49 2
12 58
33 5
56 43
14 43
8 5
37 32
16 56
6 3
11 59
35 57
12 23
63 33
10 5
43 35
26 29
28 5
57 32
59 15
0 54
38 26
12 42
7 22
21 15
42 43
41 13
4 26
0 42
52 19
17 28
40 51
54 44
7 45
3 2
44 28
14 9
13 27
43 4
55 18
52 41
38 45
17 31
55 0
19 37
37 54
13 16
8 44
56 24
61 36
13 47
14 55
52 34
39 1
32 40
47 27
30 44
30 0
8 27
59 6
18 52
1 63
5 15
8 10
22 2
55 20
28 8
31 54
61 31
11 35
44 49
34 50
33 51
61 30
42 44
33 10
51 44
19 57
35 61
10 57
2 3
46 0
13 40
63 26
27 18
22 35
52 42
57 56
30 8
18 49
10 35
0 28
52 46
40 6
34 16
24 58
28 23
31 53
7 61
50 58
29 19
15 57
33 9
62 37
23 3
44 56
45 48
36 52
10 57
38 28
17 50
17 48
28 50
39 24
63 54
17 42
56 50
26 44
13 34
13 41
1 42
27 34
51 4
45 7
26 2
35 54
44 12
4 47
6 45
30 10
44 52
39 5
62 30
14 22
27 20
8 26
10 23
26 45
27 10
53 18
31 22
43 22
50 59
53 2
10 11
5 12
40 58
13 38
32 21
44 38
44 15
45 27
34 15
57 42
13 25
25 55
50 0
6 53
56 20
3 38
28 36
47 27
48 58
43 31
13 42
12 43
62 58
63 21
58 32
46 24
8 20
51 13
8 57
41 54
28 43
31 53
17 42
16 8
50 10
10 52
39 38
23 7
34 46
30 40
17 6
7 42
41 0
47 35
9 6
33 17
44 9
59 32
56 49
53 57
44 30
9 47
35 40
60 58
51 58
14 25
14 17
19 36
3 43
38 7
32 12
10 27
36 14
1 11
13 34
14 48
53 37
26 47
28 21
48 4
16 37
6 59
40 32
59 49
54 36
37 2
1 44
54 29
47 52
23 38
44 16
15 20
40 56
34 63
25 14
27 16
23 20
40 2
37 17
45 4
7 55
44 12
33 36
38 20
38 43
2 34
50 42
22 25
13 10
58 22
24 49
0 38
33 1
40 22
14 41
55 25
8 4
21 42
12 18
56 37
4 12
14 48
39 53
36 26
10 4
11 25
3 39
27 46
24 23
58 33
58 17
38 39
30 48
23 14
0 44
17 36
0 12
32 5
52 15
9 10
62 43
20 60
48 8
47 3
59 30
52 22
50 0
51 7
8 19
6 47
27 45
29 28
49 13
59 20
59 12
32 2
18 48
42 5
0 49
29 53
28 16
23 1
51 32
29 62
0 63
4 56
29 31
38 10
15 8
9 6
49 48
62 17
19 55
52 39
38 5
28 10
11 35
1 9
58 40
22 20
60 62
41 29
21 26
23 42
57 53
16 57
5 39
63 29
0 22
40 34
42 47
56 25
35 19
8 39
61 60
30 17
41 30
7 4
39 23
26 52
36 10
36 15
11 32
19 10
29 59
3 56
14 25
53 56
1 37
54 21
41 9
32 7
6 59
51 28
57 6
40 48
12 62
13 51
59 43
28 48
60 25
11 42
57 29
44 58
25 44
55 54
9 42
6 10
60 22
44 59
59 50
39 56
13 34
44 52
45 48
19 18
10 54
0 10
60 43
26 59
55 63
34 43
61 63
12 42
16 35
3 54
30 36
0 15
63 56
7 27
38 43
63 47
17 63
30 22
32 45
38 15
30 61
49 45
15 22
7 27
23 43
24 61
8 38
54 41
35 16
42 11
46 8
7 0
14 36
13 24
14 37
26 57
31 10
30 62
52 44
3 31
40 44
21 44
26 59
14 53
63 58
29 10
1 5
1 34
35 26
57 9
27 34
33 51
46 48
37 54
51 32
50 8
41 35
18 54
5 34
17 58
23 53
36 43
61 23
63 6
12 56
55 2
51 41
51 2
11 18
26 63
15 24
21 32
47 23
6 53
50 38
49 6
16 60
27 51
49 43
31 47
17 43
3 50
48 23
6 3
47 34
37 9
41 35
22 8
47 39
54 49
18 24
22 50
45 42
7 12
26 31
28 8
3 55
50 44
29 51
49 58
10 36
51 7
58 25
33 43
63 36
48 16
13 51
3 10
37 53
31 28
28 15
0 51
50 30
39 30
49 9
33 60
49 18
34 29
60 35
30 0
55 38
25 60
57 51
16 7
7 58
18 3
4 28
29 56
32 48
35 50
50 6
15 7
0 53
21 10
21 51
14 19
45 5
9 59
53 8
2 0
32 28
20 15
58 59
58 10
27 58
26 50
63 38
35 56
46 43
62 51
8 43
28 43
14 30
20 48
54 42
53 21
50 23
25 47
2 25
1 2
42 0
27 49
0 1
5 14
20 36
39 32
43 3
25 16
10 14
4 37
19 26
34 30
11 21
18 62
50 2
4 5
11 39
48 36
59 54
54 57
50 61
15 36
28 21
53 12
40 60
32 58
30 1
51 62
43 45
25 37
63 60
13 28
46 39
4 13
53 40
60 27
4 30
32 25
52 59
58 21
48 49
24 47
25 50
24 36
36 63
60 45
18 44
20 27
42 22
45 11
62 10
14 44
62 3
27 34
6 21
3 52
20 27
52 36
62 7
17 12
62 30
2 1
34 17
5 56
43 22
42 45
55 20
46 29
29 2
50 22
5 35
28 32
44 56
23 17
20 4
42 38
40 42
9 30
29 62
16 3
38 61
30 63
23 21
24 40
0 36
3 30
13 10
44 11
13 53
10 57
53 39
20 33
34 59
13 51
18 52
37 58
2 4
6 14
62 45
28 27
7 12
5 11
54 2
35 46
54 26
40 8
31 30
4 21
32 8
37 18
62 1
52 60
52 54
19 11
45 58
24 14
42 61
36 34
20 47
10 34
14 20
53 18
5 18
23 39
52 28
28 42
40 14
44 34
28 5
18 57
16 1
46 54
57 48
35 49
48 26
16 18
54 1
61 44
6 38
13 23
7 10
29 63
58 25
46 62
36 50
0 20
37 24
12 21
62 4
28 42
36 9
9 10
55 40
52 44
28 13
0 51
26 4
11 29
47 40
53 59
49 9
23 36
25 32
62 32
38 63
15 23
7 58
61 26
12 15
21 57
0 1
28 35
49 18
56 14
29 62
33 0
39 7
4 23
8 17
16 61
58 27
21 41
43 24
63 31
63 26
41 7
61 53
6 35
40 42
34 35
32 38
56 15
56 11
47 6
53 32
27 15
35 16
8 30
0 48
52 38
63 50
41 50
26 7
39 48
26 8
50 40
35 6
3 43
39 58
20 61
47 34
43 29
39 19
34 39
28 23
38 13
52 4
18 50
55 5
30 46
54 41
22 12
3 5
40 18
12 27
60 39
30 39
37 3
25 7
18 17
10 14
34 3
31 60
32 0
60 42
2 49
52 0
57 20
61 57
61 32
46 59
38 61
59 41
30 18
15 11
49 53
50 0
45 16
19 36
20 24
1 2
47 58
40 23
25 27
49 62
10 50
18 7
13 25
25 44
50 57
41 48
45 37
42 62
53 31
0 53
30 44
22 11
26 17
52 47
58 32
48 21
3 42
30 40
31 23
12 37
15 23
29 13
36 22
35 6
27 13
15 49
58 59
54 27
15 8
2 42
41 42
44 56
51 14
19 20
30 34
13 26
32 1
44 8
61 17
52 12
12 28
48 27
51 58
35 7
53 43
35 43
17 37
61 5
25 14
47 52
46 47
37 4
10 13
9 47
49 47
52 14
8 46
41 60
29 12
30 55
43 23
58 2
56 33
46 30
39 34
39 23
25 57
4 62
22 34
23 20
48 33
61 56
38 51
3 14
20 50
20 3
38 57
53 60
17 43
62 0
57 61
58 9
11 0
59 23
36 61
29 1
10 7
24 35
57 21
17 41
34 54
8 61
52 51
43 42
38 46
29 6
28 32
20 46
20 6
25 23
13 8
31 46
36 28
45 63
41 52
59 37
7 46
42 43
26 18
11 31
27 35
29 25
50 16
37 18
32 47
41 57
54 20
12 15
32 31
44 15
63 58
6 1
32 53
61 13
18 57
19 53
39 50
40 39
26 46
57 42
19 26
63 36
13 28
58 51
16 5
10 6
16 44
21 3
58 26
40 30
56 60
58 24
53 3
54 59
47 62
1 40
60 7
37 13
25 36
0 22
4 24
19 34
60 10
29 17
19 51
20 26
23 2
22 8
58 16
24 59
62 5
27 20
3 60
10 59
2 11
54 38
61 34
31 15
32 9
1 11
24 21
17 32
3 48
0 58
43 6
24 55
50 63
47 37
2 43
21 32
42 23
42 49
33 18
50 45
22 54
27 21
11 17
4 2
20 27
33 36
37 0
39 7
12 63
16 56
5 57
45 63
25 36
39 15
59 62
12 15
10 23
17 61
5 1
60 31
6 58
41 15
59 58
25 28
13 44
4 59
9 0
0 18
9 7
20 15
13 49
56 43
52 14
35 51
9 57
54 50
21 45
60 34
4 43
22 55
51 52
57 55
7 24
21 0
40 22
45 4
58 42
62 63
4 63
63 5
27 9
27 57
7 3
61 41
33 35
53 13
12 51
33 37
21 1
38 48
60 52
63 55
35 7
22 34
38 24
22 62
19 34
48 20
10 27
19 4
20 30
60 38
25 61
41 25
23 8
55 58
14 6
11 25
39 47
48 13
1 22
56 50
59 28
42 24
20 54
16 32
37 35
9 45
16 38
35 43
43 3
46 59
10 43
46 41
19 47
10 42
62 55
35 48
53 27
61 18
10 46
39 62
24 13
29 49
6 19
36 45
41 4
23 57
40 0
3 13
39 8
13 35
10 11
27 16
60 56
20 50
55 37
45 36
59 61
49 27
0 25
14 41
1 35
14 4
15 23
38 33
28 1
54 46
36 5
28 61
44 31
7 46
11 54
46 48
12 18
16 31
51 12
41 40
53 61
12 2
59 46
26 1
51 22
27 19
5 10
62 4
27 15
40 59
1 17
10 32
32 0
51 5
29 54
49 48
60 45
22 23
20 50
34 39
55 59
34 41
40 29
45 51
51 5
60 0
0 57
0 31
53 29
37 32
51 30
26 21
8 54
12 58
30 53
43 44
17 20
5 18
6 16
43 11
31 24
47 43
28 11
12 7
5 20
24 8
38 14
7 33
41 47
55 4
59 47
60 63
59 36
17 32
22 3
34 25
57 62
37 21
33 52
28 27
21 40
54 45
59 19
25 9
28 32
30 23
63 23
11 48
46 37
62 29
49 47
32 47
15 56
42 25
61 42
2 17
42 25
61 47
61 20
47 39
20 61
50 1
7 50
2 46
10 58
55 3
29 39
21 54
20 21
58 42
51 44
61 57
22 41
37 46
54 12
27 10
19 25
54 61
7 30
51 42
33 25
23 35
60 42
7 26
1 26
55 40
22 8
40 26
49 4
11 24
22 25
57 54
38 26
13 28
30 41
58 40
38 41
61 59
62 51
61 4
6 61
52 37
21 37
33 37
55 30
38 32
3 24
14 30
16 18
43 12
37 16
56 25
7 10
1 7
48 4
23 4
52 57
3 63
35 16
6 57
62 47
4 16
56 23
62 34
12 50
36 3
35 7
58 1
10 4
10 33
41 14
57 1
42 14
6 8
54 45
30 29
38 13
50 34
50 17
44 63
62 54
23 36
61 36
35 0
13 31
45 55
16 8
57 61
51 39
49 7
60 46
30 10
16 3
28 10
10 14
27 30
32 53
20 4
38 37
29 37
3 41
38 14
39 17
41 53
39 28
22 28
57 32
3 12
54 14
22 10
60 59
53 42
4 24
44 31
9 43
60 61
46 61
30 32
59 21
8 17
34 24
16 51
58 24
47 1
30 3
54 32
0 5
7 30
13 9
56 19
49 55
58 61
32 46
23 3
26 28
24 57
13 37
50 49
11 15
28 26
31 60
42 3
47 60
45 0
28 26
42 26
47 5
53 24
28 36
19 54
31 44
55 20
53 27
55 5
57 58
44 57
24 3
10 24
35 2
9 46
3 12
52 57
45 25
58 53
42 63
7 59
30 25
52 41
11 62
34 12
18 20
19 9
62 58
20 54
18 14
32 37
1 15
8 29
9 21
1 44
12 19
55 27
6 52
6 19
58 52
42 31
14 13
18 37
43 42
20 51
43 6
25 39
22 53
37 46
46 4
7 38
1 10
33 53
45 38
2 37
41 54
37 58
55 50
18 1
59 9
51 61
42 35
9 34
33 46
55 12
63 39
27 13
52 31
17 52
12 31
48 22
22 27
58 24
1 42
13 31
41 43
61 55
46 60
61 48
26 34
19 12
56 51
2 22
41 4
62 23
31 2
30 37
27 20
17 26
30 1
26 60
7 43
62 42
10 16
0 27
12 31
56 25
34 32
21 24
35 27
24 23
3 26
23 63
8 10
14 35
62 57
63 25
42 54
35 56
21 53
35 60
56 39
51 21
1 25
53 13
5 29
28 37
46 10
14 30
6 10
9 43
48 54
51 28
46 31
50 16
3 26
47 12
6 25
18 2
54 13
38 21
21 7
39 16
57 51
53 26
2 57
15 56
14 31
12 54
45 0
34 42
12 34
20 47
53 3
2 40
32 60
40 2
41 5
23 61
28 57
54 4
55 30
47 56
18 59
10 23
2 56
63 16
4 38
30 12
14 22
57 58
40 55
61 26
17 0
31 61
58 30
12 41
19 22
43 14
2 34
57 25
52 57
11 19
6 53
59 42
35 43
25 48
4 42
48 42
29 17
2 27
8 21
39 4
58 31
60 43
4 58
13 42
11 62
39 15
17 46
50 25
55 58
20 2
49 44
32 22
30 19
19 17
56 57
50 27
26 9
17 53
63 25
4 55
55 49
28 17
43 15
24 45
54 2
17 61
55 61
38 59
61 17
8 28
28 63
46 42
15 43
36 46
41 29
7 53
5 1
52 25
58 14
9 14
6 19
24 56
38 18
10 33
50 42
4 38
25 19
54 37
61 48
13 54
35 38
49 32
10 48
39 41
54 58
34 39
25 6
13 1
34 3
7 45
21 46
6 1
47 14
17 8
28 19
21 39
23 50
19 1
13 24
24 52
11 61
19 20
37 4
34 47
33 42
4 51
23 19
2 34
32 6
5 14
39 45
58 33
47 16
25 55
1 34
7 49
16 43
9 31
39 57
42 49
14 12
36 53
27 9
28 61
19 47
40 51
52 1
29 59
54 44
10 62
18 52
57 19
2 46
38 50
31 22
13 39
42 44
37 18
15 3
27 11
23 61
44 20
30 25
22 46
4 61
6 30
55 56
27 10
43 24
38 52
33 20
41 39
33 40
11 27
39 7
42 21
57 42
22 54
4 31
1 45
26 36
11 44
50 10
24 60
9 24
61 27
33 48
42 46
24 16
34 50
39 10
4 1
11 27
52 22
52 3
12 48
19 37
8 35
47 48
55 19
54 15
19 48
58 6
0 63
33 20
35 50
40 22
57 3
23 40
8 11
26 27
33 58
59 30
34 39
5 14
18 40
36 38
35 31
22 44
1 23
8 25
36 53
38 15
49 18
16 51
8 56
24 8
4 5
52 41
47 42
1 11
12 50
1 23
8 60
7 54
1 21
35 52
48 50
20 30
56 50
29 19
17 24
48 45
17 42
3 39
24 57
9 54
23 24
37 9
55 2
33 31
21 16
57 36
26 48
29 27
12 38
54 46
41 11
4 21
15 2
10 16
7 43
18 4
3 47
17 42
36 60
20 53
60 16
51 49
7 30
31 2
30 45
35 62
21 11
14 40
43 10
33 53
2 21
55 12
41 55
26 54
31 18
40 16
31 16
58 1
19 18
17 12
17 0
9 43
18 28
28 47
36 41
59 62
23 52
31 30
45 4
61 0
24 16
5 34
43 37
28 4
9 57
14 36
9 61
42 18
25 54
16 62
33 56
0 33
35 48
29 46
7 20
26 29
9 36
25 53
31 2
22 28
47 6
27 0
59 54
54 18
9 47
50 27
52 13
23 20
44 46
40 9
26 35
24 15
51 24
31 61
3 55
10 54
22 30
10 1
18 26
12 3
2 38
58 19
61 33
7 48
32 22
47 9
37 5
6 10
20 44
8 62
21 34
16 63
3 43
35 62
36 22
14 54
21 51
36 54
7 22
53 39
18 52
42 45
38 62
58 8
28 53
43 57
33 24
0 3
26 41
40 61
59 17
36 41
5 9
31 14
10 34
3 27
36 59
43 50
25 40
21 0
34 2
27 58
38 7
31 24
52 24
25 35
38 36
40 26
38 61
41 31
26 35
61 28
0 51
59 52
0 16
4 26
21 12
46 10
2 10
55 58
31 49
51 32
26 23
54 21
42 2
51 0
1 46
61 52
27 58
56 42
22 39
20 3
63 26
55 63
10 54
8 26
58 56
18 44
39 2
52 10
53 54
62 53
0 26
24 15
35 51
37 9
50 47
39 6
44 2
58 2
20 6
54 20
19 37
53 20
26 31
5 0
59 50
44 35
26 2
9 60
20 44
9 49
18 53
6 17
17 40
20 37
12 20
15 18
30 0
29 60
3 25
43 47
31 24
26 57
16 25
19 10
26 0
53 38
46 60
52 21
4 5
17 20
37 50
47 12
19 21
17 34
47 9
28 20
27 42
29 63
21 1
37 52
9 62
46 3
31 20
58 25
56 8
38 22
39 15
19 55
53 55
50 8
33 15
29 24
25 16
21 51
60 12
41 61
60 59
48 60
49 26
19 46
38 33
38 22
0 20
55 15
44 6
25 23
38 31
43 39
47 8
6 23
21 1
57 45
5 2
18 39
8 36
8 51
63 43
39 51
53 5
35 41
15 59
38 35
44 3
6 11
47 23
3 63
10 2
39 2
30 55
2 39
48 32
12 36
63 52
1 34
22 36
33 2
31 33
19 27
32 29
24 28
0 63
33 17
6 46
53 63
1 5
16 47
16 61
62 49
1 42
7 3
54 15
51 12
35 56
57 0
4 32
31 43
20 30
32 57
25 10
43 55
62 58
29 59
20 43
29 14
9 48
28 56
47 60
45 54
31 22
33 41
16 32
44 63
27 13
19 40
19 17
44 43
53 49
46 36
37 16
55 35
1 24
1 26
50 41
46 37
55 33
47 48
47 41
17 62
6 44
62 7
33 16
38 17
6 40
28 43
22 8
8 52
49 5
63 45
38 46
49 35
32 11
18 33
2 63
45 31
11 50
45 55
32 50
63 4
47 45
40 25
38 32
17 40
1 56
5 2
61 63
61 44
18 21
8 16
39 12
56 35
46 12
37 17
24 41
46 32
49 26
37 11
62 20
21 28
25 32
55 40
25 27
32 27
3 27
63 16
62 14
17 48
51 27
17 44
13 12
60 6
59 46
40 46
56 9
24 7
48 31
9 50
59 36
12 61
10 9
28 43
26 44
2 16
44 8
48 15
45 25
10 26
37 17
8 2
15 57
10 46
43 47
46 27
29 58
55 24
21 53
33 63
44 12
42 37
36 28
6 44
1 8
14 50
2 58
37 12
44 59
11 36
21 57
7 11
36 20
50 43
3 24
44 35
61 7
62 53
48 26
9 20
60 39
15 47
54 29
31 36
0 48
11 45
59 19
20 47
60 23
50 16
21 30
48 38
31 46
30 17
47 19
22 46
13 15
26 30
42 40
41 4
33 4
37 26
20 8
58 34
50 37
50 25
35 32
49 1
44 13
49 29
54 5
54 33
8 33
41 33
34 57
16 55
25 35
39 57
48 10
50 28
22 18
15 16
17 5
61 38
52 27
16 35
11 44
30 37
46 35
47 4
37 53
55 27
31 54
53 25
12 45
31 28
44 58
5 0
34 6
4 45
27 10
35 28
19 16
0 7
32 33
38 22
45 15
25 23
16 45
1 63
46 1
1 21
63 5
56 50
46 45
62 61
0 36
25 23
22 50
17 3
30 28
50 11
41 29
7 46
60 4
61 1
56 2
7 27
45 41
58 38
23 32
23 38
61 62
56 5
40 29
28 45
33 11
47 51
37 38
7 31
8 58
43 49
57 50
16 56
9 37
23 27
63 14
19 5
1 39
46 17
45 15
43 18
2 33
45 33
43 10
8 3
15 40
51 16
12 3
19 26
4 54
33 30
48 52
38 39
32 34
15 32
16 18
48 58
59 63
27 22
63 2
14 23
9 19
45 35
33 6
3 47
25 38
63 42
6 30
42 45
12 33
11 15
53 23
47 6
39 30
61 12
3 50
34 4
24 18
8 62
26 43
9 41
1 16
32 1
32 0
44 36
44 47
62 13
61 57
20 49
34 1
62 23
62 22
48 34
4 27
0 57
36 23
40 35
44 0
57 46
57 19
54 28
5 53
6 43
56 27
39 50
41 6
29 38
50 37
5 49
47 56
16 13
35 12
9 52
23 6
21 41
11 3
20 37
47 27
16 48
10 23
12 14
25 53
1 11
2 47
57 1
59 0
25 61
16 42
32 29
17 21
48 36
1 15
55 1
55 14
58 28
42 25
14 63
6 59
59 48
28 32
38 51
29 51
37 40
60 51
7 42
15 8
20 60
2 45
47 7
16 56
40 11
10 26
54 14
56 8
41 18
61 26
13 7
63 19
51 27
19 48
49 22
63 50
31 4
23 38
29 31
15 63
36 7
28 56
60 19
58 14
11 35
46 10
9 11
20 26
27 21
1 30
16 36
45 17
28 57
38 47
12 46
57 60
57 5
8 54
10 41
62 50
61 26
34 22
43 15
56 45
57 18
32 53
13 0
33 5
58 12
25 53
2 23
35 56
20 60
50 28
25 3
29 23
26 58
10 12
41 58
0 50
61 52
3 53
62 13
23 49
15 25
10 42
45 50
23 24
31 53
53 55
27 60
44 26
10 6
6 31
56 42
25 33
49 3
6 25
38 61
37 35
9 45
32 9
17 22
23 33
43 57
50 3
8 4
37 43
56 32
19 39
47 51
26 51
41 10
54 27
8 28
36 1
51 26
19 23
36 28
7 46
21 42
45 8
48 19
51 36
15 62
32 13
52 4
21 30
25 26
22 38
10 2
31 33
59 25
25 15
46 16
35 52
39 54
54 25
52 39
63 13
57 38
28 20
44 41
22 25
59 24
22 12
62 6
32 31
29 24
15 43
36 39
9 15
26 0
19 49
44 59
10 2
46 45
3 11
27 61
38 35
9 23
43 25
24 52
52 2
33 56
34 11
52 61
25 53
2 56
35 29
61 21
45 23
54 48
59 23
37 21
13 56
8 56
5 55
37 16
42 4
36 3
57 44
31 35
6 32
47 56
49 51
44 15
9 61
41 6
24 33
42 19
56 1
31 44
11 17
27 17
10 53
14 6
0 42
58 63
36 59
62 5
60 39
49 61
39 63
30 54
53 21
58 45
25 7
59 20
22 8
20 32
31 38
15 16
51 38
56 53
35 33
52 29
0 24
21 44
58 20
42 33
26 48
47 28
1 44
15 11
19 60
28 9
7 18
14 48
47 48
63 15
28 27
32 23
1 45
50 51
43 8
39 41
55 40
52 38
62 25
21 37
0 62
56 15
40 63
42 17
12 40
61 11
9 47
46 50
23 25
26 27
10 15
22 19
28 59
31 45
2 49
27 32
16 47
34 48
17 42
26 59
27 33
37 0
50 25
58 26
38 61
42 18
47 50
23 39
26 29
16 38
17 48
35 49
25 19
29 16
6 23
32 24
23 57
28 10
13 56
10 21
55 2
44 9
8 4
35 20
24 41
3 18
31 62
40 30
4 54
16 34
14 53
35 10
57 4
52 26
58 38
41 37
30 8
26 2
31 25
48 29
44 45
7 53
53 28
0 1
21 2
12 33
48 31
55 4
44 13
58 25
62 29
55 20
47 58
39 20
61 16
33 11
61 27
7 39
9 25
28 57
43 13
36 11
35 11
10 21
9 47
2 57
61 56
46 9
29 0
8 20
3 42
3 58
37 31
36 6
12 51
25 61
4 48
24 0
39 6
31 63
53 55
62 2
0 29
52 59
56 32
46 27
54 42
3 57
58 47
39 54
60 47
10 63
12 55
44 47
43 38
62 31
32 20
24 27
37 29
24 13
18 43
13 42
4 6
18 43
31 43
44 6
3 16
49 37
8 26
21 46
63 3
37 10
14 49
63 34
34 50
55 25
50 15
29 37
4 17
53 56
6 29
34 28
19 54
21 33
18 36
47 57
17 57
25 35
50 15
53 37
55 59
4 20
42 34
17 5
52 40
60 2
62 1
56 8
49 12
42 21
7 41
58 21
40 59
20 50
41 21
27 46
62 56
12 49
40 19
31 6
37 14
38 42
21 58
58 12
43 34
63 39
4 16
42 39
27 48
57 53
62 17
29 34
63 49
60 13
31 42
46 31
13 11
23 47
42 3
55 13
29 28
38 39
7 21
47 43
32 30
0 19
36 6
47 25
46 54
16 33
32 15
30 37
49 42
19 62
63 31
25 32
32 12
36 56
51 50
9 48
43 39
61 4
54 62
60 9
10 3
20 53
5 47
48 20
60 57
6 20
21 34
36 35
11 44
44 26
52 22
10 18
8 33
9 60
32 57
48 49
38 26
46 9
13 25
38 13
31 21
3 13
24 40
61 19
20 9
58 15
57 33
0 61
47 55
41 17
1 29
21 55
33 8
55 18
26 41
2 30
28 22
14 4
62 32
35 41
32 23
10 12
22 27
52 30
3 63
44 36
23 51
49 45
50 18
61 7
53 0
38 46
63 30
56 55
10 6
0 42
14 48
60 34
63 27
52 21
7 61
55 38
35 56
63 55
24 17
45 42
26 39
30 5
42 19
15 61
45 13
51 34
48 12
43 56
62 44
49 43
32 42
56 2
52 43
62 45
8 12
1 56
14 1
16 40
4 51
43 33
43 36
2 50
26 16
23 52
23 20
57 13
30 21
4 52
0 9
35 21
59 4
9 26
43 41
14 17
49 15
25 6
16 40
6 8
30 25
61 62
39 17
4 16
15 2
36 2
43 8
45 39
6 4
5 54
6 28
31 45
59 30
31 58
47 49
59 39
23 25
17 40
49 54
22 55
24 53
9 47
28 51
21 32
9 24
22 5
7 12
20 12
55 60
24 16
55 13
8 31
48 51
21 56
47 2
32 48
45 7
1 18
23 34
37 15
55 14
23 5
36 6
32 55
52 37
7 19
44 15
47 40
25 24
4 23
3 17
57 26
33 36
25 51
46 40
17 38
26 25
3 62
24 23
54 19
10 47
32 43
40 28
59 5
33 32
55 37
16 29
27 35
3 12
52 49
20 59
49 51
10 17
52 42
38 52
4 24
13 53
19 39
13 43
46 32
33 12
16 62
57 2
32 7
34 18
57 45
59 13
14 8
40 30
30 11
54 12
49 19
16 23
14 21
62 25
25 22
48 8
63 25
55 10
24 21
9 5
32 59
18 2
19 12
52 41
1 61
10 21
0 40
60 55
38 27
30 49
29 26
9 49
36 57
24 44
63 33
53 0
55 38
33 10
58 26
34 54
14 48
14 17
2 54
59 23
53 28
48 62
5 30
31 17
18 52
59 27
35 24
7 16
59 29
50 3
53 3
25 22
20 37
1 52
10 18
27 5
54 25
53 28
31 41
3 61
23 9
11 55
4 26
39 45
20 46
17 39
40 2
19 27
44 55
2 31
30 22
9 36
10 40
10 39
57 1
14 3
22 35
47 17
21 42
24 14
33 12
27 26
43 14
43 40
51 7
24 28
8 47
52 34
47 61
29 39
39 44
10 32
1 28
59 31
24 63
63 11
24 4
31 28
37 62
52 48
57 24
19 54
61 16
22 14
33 38
63 32
52 41
48 36
59 52
57 13
45 48
18 9
9 36
61 0
1 62
31 60
31 30
33 8
46 57
13 14
27 1
58 21
57 51
49 25
12 46
42 2
20 38
7 17
10 0
44 4
16 56
17 8
8 46
36 0
37 17
17 19
30 24
41 4
43 32
2 52
60 32
30 37
9 29
53 32
57 53
56 57
36 45
17 4
7 57
60 51
18 37
36 30
14 22
16 61
49 52
20 23
55 29
16 5
41 43
0 43
42 16
43 10
21 2
40 45
34 44
18 34
28 49
38 55
25 32
49 43
59 0
9 27
25 19
15 2
31 23
57 23
32 43
51 22
9 63
27 62
11 17
15 7
39 19
36 61
51 4
47 56
36 54
21 39
60 62
41 18
26 48
2 34
63 45
38 40
27 2
20 10
51 33
33 34
23 15
60 43
25 18
33 45
9 17
28 21
53 20
45 10
28 62
37 8
3 9
14 61
9 32
41 32
15 17
31 3
15 52
15 37
50 5
54 37
51 43
3 36
18 8
34 7
62 44
56 16
48 25
16 52
6 61
16 32
60 11
62 23
48 16
60 13
40 27
15 57
55 43
53 47
1 60
30 18
22 9
43 30
7 53
26 0
10 14
41 25
18 47
49 55
2 12
43 26
44 55
35 9
35 30
28 63
62 22
16 49
22 12
37 40
51 48
44 6
10 31
5 19
23 55
9 45
53 24
43 47
47 55
23 53
40 44
22 21
45 60
41 37
6 41
19 43
0 11
39 4
51 49
59 39
32 31
7 12
59 58
11 2
63 21
46 55
13 52
22 21
51 53
58 30
56 36
58 13
3 11
60 31
5 38
50 0
16 58
51 49
63 40
26 53
36 52
29 50
25 1
1 43
59 52
45 26
27 1
0 61
20 13
28 58
54 5
3 48
12 5
60 20
27 7
28 4
62 17
21 52
62 14
5 4
54 55
2 43
61 56
49 50
9 49
52 12
19 38
6 44
45 57
32 58
28 57
16 9
42 49
60 57
58 60
19 29
31 56
17 52
59 20
52 23
41 37
44 23
59 58
1 5
11 40
34 25
8 6
50 54
40 14
61 47
35 23
42 32
14 49
29 19
2 46
58 25
55 40
52 18
43 30
38 2
39 18
24 58
20 13
22 56
17 55
53 43
28 56
46 59
32 46
41 55
19 29
23 42
61 51
56 11
31 35
27 30
27 57
4 35
48 22
36 13
61 22
59 34
23 36
12 40
0 4
29 30
47 9
54 52
37 12
13 9
13 36
40 49
26 0
34 9
13 2
23 7
40 46
27 47
61 60
12 40
25 21
30 58
12 3
19 5
20 37
2 59
36 60
25 18
12 1
41 60
39 25
14 34
40 51
43 63
52 6
38 9
63 1
28 24
20 10
19 22
35 51
25 58
3 49
47 25
43 21
17 16
39 2
35 3
16 27
12 33
40 52
3 44
50 10
59 34
26 9
63 15
21 3
63 28
3 32
21 38
18 42
9 55
6 27
31 12
37 7
6 53
2 12
61 27
24 40
58 20
18 4
30 39
55 59
46 22
59 32
34 18
19 13
53 36
15 59
50 21
11 33
16 58
27 3
20 30
18 15
51 18
57 63
39 13
58 39
10 58
17 42
23 40
47 1
28 25
20 12
0 61
57 25
50 13
29 61
26 22
16 29
27 55
32 31
48 33
37 57
10 45
46 58
34 4
26 60
15 27
58 37
39 20
18 51
31 2
21 34
49 5
20 62
1 58
12 46
14 20
10 5
38 52
45 13
18 45
3 26
51 59
10 53
6 51
52 24
31 10
40 29
4 33
8 25
10 24
8 24
36 58
58 52
2 25
9 50
16 51
35 26
10 22
50 26
31 60
46 13
46 44
56 45
2 25
28 41
61 36
56 30
46 38
24 38
29 28
22 0
53 47
36 46
15 56
42 8
42 3
23 44
41 53
33 20
62 21
20 37
46 54
27 0
2 17
48 18
38 17
58 5
4 30
40 19
59 3
5 38
60 4
36 30
28 25
53 1
8 9
3 45
52 11
24 31
48 45
4 28
31 40
0 8
0 36
29 1
46 29
46 54
44 52
18 56
61 28
22 53
12 62
29 12
14 12
39 33
53 4
22 11
37 41
23 56
47 45
20 48
47 23
25 52
14 12
8 56
14 20
29 25
52 50
11 13
14 35
50 1
52 9
36 16
42 28
27 62
35 12
41 26
0 46
7 15
50 23
28 38
15 63
52 61
13 37
51 42
36 61
23 45
33 1
62 23
42 14
10 35
4 37
34 54
52 32
9 16
32 42
28 32
7 9
7 49
13 27
42 20
43 19
60 29
22 19
25 62
40 58
27 45
9 20
37 50
39 57
17 9
15 20
58 13
18 10
26 13
26 34
36 45
46 10
33 62
41 40
59 16
30 23
18 57
4 43
25 8
54 60
17 20
63 11
56 25
51 5
50 52
42 39
13 58
14 38
14 18
2 10
