150
46 11
5 39
31 60
29 52
28 27
44 48
17 22
48 53
14 29
58 46
56 20
14 20
56 1
28 20
25 42
63 42
56 12
18 42
15 3
37 31
32 31
4 35
2 21
43 53
28 30
22 46
19 30
8 7
22 37
44 40
12 46
2 20
12 10
14 63
2 21
43 61
37 57
53 49
39 51
41 19
17 49
44 29
63 48
30 7
5 48
54 52
35 19
31 59
53 1
11 36
1 39
11 51
56 24
10 50
60 30
37 5
0 42
36 28
0 26
49 0
18 58
41 7
56 20
38 28
18 32
0 52
21 7
49 44
62 20
4 23
5 19
53 3
63 31
49 26
12 29
1 45
3 18
7 36
51 40
10 16
51 19
48 61
53 51
23 47
7 48
17 27
9 59
58 47
34 8
27 33
28 19
32 33
37 29
62 9
55 46
58 2
35 8
62 51
18 38
59 44
31 35
13 58
61 46
46 63
12 10
30 8
60 12
49 26
35 53
14 32
43 63
40 37
23 62
41 10
6 51
38 0
48 57
43 4
26 40
28 38
2 28
46 51
39 48
50 35
3 26
24 34
21 29
50 46
27 48
59 11
32 56
19 32
10 56
46 42
37 46
20 36
8 36
56 26
46 62
63 60
25 17
53 8
32 57
6 33
8 63
0 28
2 41
24 47
32 13
8 50
2520
28 8
50 21
17 34
33 21
55 44
51 41
23 43
49 7
61 16
15 2
49 54
63 38
42 23
37 53
34 43
7 25
5 50
10 14
28 0
22 2
47 56
8 24
25 18
52 24
1 46
51 21
53 49
47 14
19 7
2 4
62 20
47 37
39 54
55 9
60 20
36 18
48 25
29 3
45 5
32 4
23 57
9 25
60 59
46 0
20 53
24 39
8 24
15 47
45 56
32 51
35 50
53 12
6 36
39 52
57 28
10 34
1 11
19 30
1 7
52 51
42 48
39 58
29 37
52 43
30 34
16 33
19 5
26 33
48 28
21 57
61 50
18 2
46 51
29 36
16 8
16 26
13 30
2 15
30 17
30 39
2 6
2 22
25 55
49 4
42 63
17 63
62 13
26 7
24 61
31 29
30 32
45 27
48 24
60 53
47 44
19 28
31 18
62 9
40 42
31 5
6 45
59 27
54 50
31 44
4 34
59 44
20 51
30 42
6 46
33 23
14 23
50 39
33 7
44 42
57 49
40 51
16 23
3 49
1 58
45 63
61 7
13 8
47 12
46 44
50 2
15 56
46 35
39 15
22 61
56 41
20 37
22 11
42 13
59 29
56 0
57 22
14 37
23 41
2 0
3 15
42 0
24 63
26 42
45 8
27 53
60 34
16 9
3 43
25 63
9 56
54 47
9 60
8 25
49 13
21 4
48 50
39 42
54 13
25 54
29 31
62 21
14 30
3 28
53 13
43 60
29 50
63 55
37 21
49 2
54 57
59 11
31 47
5 11
18 42
55 21
63 56
46 37
20 49
25 27
43 50
28 31
15 55
47 51
62 49
47 54
21 33
26 38
63 29
8 41
4 39
26 41
40 19
45 31
4 48
55 12
39 36
49 28
23 9
27 63
50 48
31 1
1 50
61 27
19 20
32 35
19 43
39 7
54 33
55 1
46 35
10 57
53 25
39 14
44 42
61 35
38 20
53 9
51 38
8 3
60 11
40 35
5 14
56 51
57 27
21 8
62 35
41 60
10 60
48 55
33 43
32 49
10 42
3 5
51 58
14 7
6 9
3 30
44 41
42 61
60 42
57 53
18 55
33 23
2 21
48 19
19 5
63 49
0 52
53 32
5 44
18 20
39 58
59 53
41 46
58 48
36 5
12 5
15 33
28 56
40 10
0 53
5 54
17 29
45 8
26 60
45 5
35 48
51 26
11 20
26 51
16 19
57 62
49 50
20 17
29 31
41 28
55 21
43 22
54 19
58 27
52 61
28 11
16 10
50 59
23 22
59 33
41 24
46 8
59 58
27 13
60 28
39 23
62 47
23 49
1 59
63 44
40 22
48 17
27 54
43 46
43 25
24 32
56 32
21 38
5 22
19 14
40 17
35 59
29 26
40 11
25 63
36 46
21 56
55 5
9 49
61 39
26 51
44 39
24 35
2 8
59 35
58 34
15 62
38 11
26 25
10 43
27 33
3 58
2 48
19 13
8 22
50 34
9 38
60 42
28 6
27 35
47 35
46 25
42 39
26 45
51 28
17 37
32 61
16 46
47 8
58 50
37 57
29 47
24 34
38 28
0 12
48 38
55 45
45 36
9 51
1 20
35 29
53 1
52 44
39 36
9 40
12 60
40 35
4 30
27 5
43 53
11 22
56 11
40 56
4 63
4 22
13 37
11 8
57 38
20 5
20 40
4 60
47 56
19 43
58 8
42 27
43 60
11 33
59 1
8 20
3 11
52 59
2 5
46 30
36 27
5 10
41 36
53 11
60 22
6 50
24 56
21 25
40 3
40 37
45 43
61 47
56 47
60 63
9 24
25 34
36 50
48 31
6 47
38 5
54 26
55 20
45 28
25 9
50 33
54 37
7 53
15 53
61 49
35 10
55 46
29 42
48 32
33 30
52 50
56 35
17 50
60 56
28 2
43 1
13 16
14 30
6 16
16 63
21 17
41 44
20 19
20 48
39 29
50 42
36 53
1 34
20 31
26 2
53 1
43 40
41 24
47 29
30 29
63 4
3 32
10 36
33 27
63 43
61 4
63 60
15 47
57 5
12 55
24 62
24 59
61 53
49 10
54 49
4 42
16 40
21 35
14 2
7 12
52 30
56 40
28 3
28 34
49 19
29 0
41 49
38 18
42 33
30 47
51 0
3 31
10 34
58 12
43 28
5 19
26 24
6 19
40 59
35 17
46 30
58 10
47 28
52 57
61 31
5 13
33 54
16 29
56 0
25 57
60 37
50 37
41 61
43 50
12 35
13 62
14 56
38 35
24 31
55 30
20 25
55 58
58 61
63 32
23 57
41 50
60 54
9 13
17 54
22 44
50 45
34 30
10 41
20 17
59 39
59 26
57 11
63 2
60 25
5 22
15 19
51 19
47 8
39 54
20 56
58 39
8 22
4 26
29 60
6 63
2 62
37 12
44 55
41 54
37 4
37 3
60 42
6 38
63 33
50 17
38 54
17 30
25 56
1 27
54 24
53 32
50 33
50 3
13 3
7 29
34 44
3 46
13 25
46 52
30 0
26 33
30 7
50 55
58 22
12 23
42 39
41 27
58 62
52 58
22 28
31 55
44 28
21 19
15 63
30 6
42 40
46 15
3 63
19 2
61 13
1 58
17 12
10 0
45 13
2 47
62 42
2 59
40 6
62 9
11 59
5 27
30 48
1 57
40 53
7 21
24 21
21 14
10 40
27 43
35 13
47 36
37 43
44 12
58 63
47 57
60 5
15 40
28 62
8 38
62 40
34 9
49 40
44 48
47 45
24 6
35 28
11 5
53 50
19 3
61 58
1 28
20 22
31 4
25 31
13 58
7 61
45 52
4 20
36 57
2 15
2 13
26 24
34 50
43 36
8 28
2 1
46 45
12 52
2 45
0 19
40 30
41 0
29 18
39 4
37 15
3 8
53 40
13 3
12 3
21 5
22 1
17 13
36 44
46 60
9 25
21 35
17 60
62 58
34 30
3 6
5 2
6 56
12 30
53 0
38 48
44 27
41 37
6 33
15 22
51 5
43 63
13 7
39 55
48 11
45 31
8 0
9 10
34 24
40 28
17 58
62 7
54 11
48 63
44 17
46 11
63 59
34 29
41 43
5 6
20 17
55 5
9 61
5 28
51 43
25 55
61 32
50 3
22 14
59 11
3 57
9 17
22 60
43 14
59 12
3 35
12 37
31 0
53 1
42 47
51 41
16 7
6 44
11 8
0 17
34 6
44 34
5 29
39 45
60 25
12 45
43 0
59 63
22 19
58 42
22 26
2 61
48 56
38 11
13 39
50 49
41 53
8 1
8 34
29 50
6 23
18 29
10 59
31 12
14 50
16 25
8 54
31 25
41 0
28 32
46 19
10 47
58 39
59 49
46 36
11 7
23 14
19 25
34 43
35 54
49 17
42 14
52 31
49 33
12 52
7 1
26 11
4 10
46 36
30 54
47 39
53 1
8 4
19 46
38 34
51 19
57 50
9 19
39 42
50 16
56 36
12 13
33 61
7 13
38 30
43 34
30 62
5 30
17 39
45 7
5 2
49 35
36 9
43 28
7 4
33 47
62 9
11 60
57 19
39 8
62 14
20 50
25 54
34 43
36 27
59 13
6 5
32 1
20 25
45 59
30 0
29 0
32 7
32 13
37 3
44 63
6 23
21 27
18 21
59 2
57 32
34 38
42 29
61 28
3 37
0 4
7 5
8 7
8 60
38 42
48 1
21 54
19 22
49 20
10 7
35 31
29 38
48 7
32 2
7 34
36 34
14 0
31 1
13 3
28 27
22 41
17 57
31 5
28 51
44 58
38 15
47 7
41 46
35 44
6 30
55 59
26 57
53 24
36 44
51 0
4 38
29 4
32 44
3 59
54 34
48 9
49 46
36 13
8 34
57 28
53 34
38 45
32 3
53 16
10 14
20 27
18 35
14 48
49 11
62 17
7 36
42 32
61 15
28 34
35 54
46 19
28 56
32 16
60 33
50 51
6 30
24 36
30 54
23 42
10 4
13 42
42 55
21 28
52 33
7 8
23 1
7 0
44 38
50 55
46 9
38 19
17 35
32 48
57 59
5 31
52 6
50 32
10 14
4 9
60 2
31 17
16 27
2 33
6 2
17 26
36 42
44 58
24 42
50 3
32 59
11 18
41 46
48 36
31 42
12 25
23 16
55 58
56 59
21 51
4 33
12 60
42 14
55 48
47 59
11 48
5 42
37 24
41 60
15 36
47 5
56 60
18 8
59 25
1 20
28 8
2 22
17 21
35 15
33 44
38 46
59 16
13 0
49 13
25 37
23 10
50 30
25 60
42 18
15 38
3 49
10 37
4 35
59 49
59 2
47 35
42 55
44 47
46 13
38 43
20 47
14 62
48 16
31 60
14 26
32 17
3 23
15 16
23 5
60 24
35 3
34 60
7 16
39 15
4 61
9 17
9 49
54 63
7 20
21 53
9 23
15 60
57 29
60 37
16 48
1 42
0 52
1 35
44 32
7 34
62 8
55 46
4 18
9 4
47 5
12 20
15 58
11 18
35 19
9 29
62 3
50 17
50 3
29 61
53 23
3 21
50 30
7 50
52 51
37 14
6 62
44 54
32 58
13 20
52 42
61 17
52 17
2 1
11 25
35 46
4 35
53 13
1 38
12 21
19 28
9 42
9 16
45 63
62 45
39 54
10 11
27 54
22 56
39 0
49 58
35 2
23 29
41 31
18 43
23 51
40 13
48 57
56 51
13 5
42 34
8 24
9 39
63 40
50 38
63 62
46 37
59 42
53 13
57 50
50 62
55 8
24 39
42 51
17 31
29 53
33 23
3 15
30 43
32 23
49 45
15 22
25 13
4 45
26 25
20 8
8 41
19 16
33 20
45 48
47 16
18 62
58 61
51 58
15 44
34 30
31 25
2 1
48 52
28 22
54 30
27 22
32 15
32 2
20 54
1 7
55 24
45 15
44 62
5 46
56 13
33 43
13 6
44 31
8 53
14 4
47 45
9 0
57 14
42 47
8 54
16 11
44 43
19 59
55 42
21 10
12 29
24 30
52 46
9 53
48 37
6 45
15 48
37 23
48 54
10 40
52 24
8 27
0 42
57 37
42 35
14 48
13 63
53 1
7 11
33 38
42 8
55 46
50 52
30 60
36 6
3 20
38 63
55 8
41 60
39 5
3 26
5 52
16 30
29 47
0 58
44 4
50 44
53 1
61 23
26 3
22 55
10 36
49 7
17 58
60 50
49 47
4 7
42 62
62 23
4 56
14 23
51 16
45 12
41 40
31 32
49 42
53 48
55 41
4 11
2 60
13 4
5 27
59 15
23 22
34 59
44 54
5 25
21 8
6 50
12 8
25 18
56 40
56 34
46 3
8 36
39 27
26 7
7 31
60 18
40 48
11 19
1 41
7 12
56 45
49 21
0 8
43 42
32 42
42 21
16 52
16 60
27 32
11 59
35 39
21 1
34 54
10 32
21 62
2 11
51 50
29 43
5 31
63 4
31 8
17 3
54 4
23 43
63 54
60 42
14 34
37 10
11 51
40 29
1 22
10 7
34 27
6 21
60 1
27 17
22 54
28 31
28 0
17 56
42 14
4 44
39 44
60 49
5 13
54 6
62 9
20 11
24 44
24 13
6 54
23 29
18 12
4 23
22 60
6 36
24 32
19 1
12 40
40 58
31 40
31 44
34 47
22 24
54 14
41 42
54 19
32 41
12 15
55 3
57 49
17 32
0 58
59 12
6 20
4 5
37 23
26 60
30 24
5 55
39 2
6 36
34 30
62 11
44 16
18 23
19 7
47 36
29 37
45 18
55 57
41 48
14 28
19 21
48 41
57 12
24 51
63 21
29 41
55 49
17 23
13 35
23 1
61 16
58 16
35 37
60 30
9 47
33 63
47 44
14 7
38 40
25 45
37 31
59 4
10 4
22 49
39 0
44 51
15 42
43 4
2 42
16 9
45 5
58 9
38 31
17 0
44 60
40 58
20 25
1 10
55 13
19 53
21 35
38 16
57 39
63 26
45 1
40 55
5 45
37 41
42 28
56 14
34 17
38 8
43 28
1 62
50 34
18 59
56 33
30 55
33 55
57 16
9 50
23 60
61 43
51 7
63 62
39 3
23 5
54 33
27 19
50 51
45 56
61 38
18 59
9 1
62 47
25 63
54 25
50 27
58 40
23 60
58 15
40 17
2 47
10 14
62 19
59 25
19 48
19 36
13 42
26 50
25 3
13 59
59 46
29 38
9 35
5 38
35 28
40 58
36 44
56 35
6 56
24 19
30 59
12 36
37 10
16 33
53 62
38 7
18 23
61 63
9 12
48 16
57 34
1 25
29 3
12 11
63 17
43 12
25 30
9 18
5 16
49 1
44 42
21 19
41 20
54 13
10 53
43 13
28 27
30 24
34 20
45 25
12 35
43 30
11 55
32 47
16 13
28 42
9 61
48 9
61 40
58 37
59 31
8 19
9 36
16 57
63 45
56 26
44 11
28 4
55 0
9 56
15 21
39 49
38 10
30 62
20 12
22 32
24 2
10 55
61 60
4 23
16 42
11 27
40 27
20 26
38 37
59 46
51 28
23 19
55 14
25 2
1 2
22 11
53 14
21 11
12 60
46 54
9 6
43 27
15 1
24 57
28 42
28 33
35 17
32 51
46 18
42 2
13 15
5 54
12 49
4 21
6 40
1 4
36 16
54 21
58 7
57 7
34 51
28 22
43 39
9 39
22 56
59 9
46 14
12 19
32 40
54 45
18 49
35 50
11 22
0 1
31 20
8 42
51 10
34 36
13 33
0 20
31 4
37 39
37 60
38 12
63 46
23 25
46 52
49 54
29 18
5 46
63 17
40 63
61 20
40 25
41 48
49 55
36 40
49 6
5 38
24 19
22 9
40 33
40 30
11 22
39 12
49 6
20 53
39 51
30 21
32 29
45 30
48 47
34 56
37 61
20 16
42 33
24 2
10 60
39 54
2 44
40 55
14 15
29 2
44 6
3 49
55 36
61 51
41 27
16 40
58 7
34 2
6 2
62 16
10 57
37 17
55 47
6 34
1 5
8 15
59 23
26 59
29 21
31 49
11 28
5 63
2 22
23 45
33 9
48 4
60 53
39 53
17 30
9 39
34 5
35 58
54 50
56 1
29 44
10 54
10 58
18 30
25 54
57 62
24 15
15 58
41 3
63 2
2 3
53 10
37 58
26 6
29 55
42 41
7 8
54 10
37 49
60 63
29 21
0 22
39 37
17 25
19 24
16 11
18 58
54 9
17 34
59 0
42 35
15 47
42 23
53 31
55 32
14 12
8 47
38 46
32 28
15 4
22 37
24 52
2 8
37 0
16 0
25 2
13 19
58 27
54 18
42 38
36 58
22 5
4 46
61 17
48 12
62 3
31 26
3 53
3 55
51 10
13 25
28 14
40 0
19 56
38 33
38 60
49 20
38 24
38 31
47 5
13 46
11 7
57 21
51 49
4 1
6 22
58 15
4 27
15 40
49 36
9 35
49 32
49 23
33 20
32 27
52 26
29 16
11 13
62 11
27 31
19 8
53 38
46 3
11 57
44 42
27 51
27 39
1 47
47 41
2 23
52 38
15 42
14 13
46 39
27 63
1 29
24 28
7 60
15 34
31 59
25 55
4 45
34 40
13 44
7 39
60 16
25 44
60 57
46 39
54 30
15 38
49 24
46 40
2 3
43 4
20 60
61 44
3 5
2 42
20 5
8 32
35 1
37 4
7 44
62 36
21 15
61 12
20 9
50 12
20 60
22 14
19 12
8 58
61 27
62 49
31 17
19 47
44 28
7 62
2 47
56 4
22 23
1 32
60 43
26 49
27 7
46 58
51 22
31 47
50 33
1 31
10 14
22 1
56 2
51 47
39 43
14 49
38 56
26 50
59 17
14 46
25 46
20 53
27 25
50 9
13 43
51 10
3 48
49 26
35 24
13 51
17 18
47 21
9 32
29 47
6 4
39 52
21 62
6 13
56 20
59 62
62 32
42 21
53 18
1 59
20 4
40 17
12 39
18 57
37 57
59 10
31 19
55 4
29 53
37 58
50 49
31 43
56 16
9 47
17 44
42 23
37 48
24 7
18 63
44 7
7 36
18 56
6 23
59 39
55 3
57 44
36 54
53 16
17 47
58 60
6 63
32 13
29 34
38 28
59 11
21 19
39 56
28 12
23 2
61 51
58 10
26 29
4 41
53 7
40 35
43 63
10 41
23 19
16 9
18 36
23 17
50 30
22 17
40 27
8 38
21 1
1 39
41 46
61 16
20 49
20 27
11 60
42 30
30 12
20 19
17 32
41 3
34 43
56 25
39 26
17 9
26 46
41 18
53 49
15 63
63 38
32 31
37 40
34 26
58 39
21 35
62 45
12 3
33 41
55 37
33 39
61 60
46 35
42 3
19 6
45 35
5 12
49 22
42 11
41 20
49 15
9 28
55 42
58 12
14 59
54 24
32 15
48 16
61 32
33 57
49 5
19 56
32 55
23 24
28 15
20 47
18 7
15 10
59 23
24 36
60 63
3 13
51 34
56 2
17 50
21 59
12 14
57 17
23 34
8 27
43 46
13 28
60 49
5 15
35 55
58 63
12 1
62 42
7 5
57 62
42 61
45 14
54 20
6 5
0 33
35 58
47 51
34 13
53 24
6 46
31 8
34 15
1 53
23 36
46 38
62 19
62 59
26 24
52 14
7 27
14 31
2 56
41 46
56 38
57 60
46 16
25 57
24 9
52 61
47 0
57 51
9 37
56 43
27 15
14 48
15 62
14 4
26 5
24 47
31 62
15 29
61 37
35 42
63 16
58 56
12 50
57 41
0 13
26 59
51 24
1 8
36 31
40 34
43 12
21 49
15 37
35 15
13 1
9 47
61 31
51 30
55 17
29 35
37 63
37 21
54 42
28 32
14 46
53 4
15 27
50 52
40 11
28 25
42 28
32 17
4 32
42 29
46 8
40 28
39 43
5 40
60 14
60 2
24 43
5 0
62 31
41 35
42 7
41 56
57 22
31 46
59 28
44 22
41 55
58 5
1 48
45 62
1 11
35 38
3 13
3 57
30 41
47 18
10 46
10 21
36 16
2 16
5 30
30 8
42 45
61 35
44 59
15 38
28 13
55 18
3 35
49 51
41 17
59 56
0 33
60 23
53 1
36 20
35 28
14 42
42 13
58 61
54 33
43 22
37 51
42 7
12 7
53 6
51 53
33 9
49 36
49 61
7 37
57 16
9 58
20 27
9 48
30 28
26 57
57 27
1 36
8 24
41 28
57 59
18 6
6 59
47 14
28 48
11 41
52 7
13 48
11 26
38 58
63 48
1 21
57 36
13 41
17 12
57 0
31 39
62 34
3 50
41 47
50 46
63 13
52 5
1 29
50 3
54 57
6 44
19 45
14 61
42 37
49 28
29 36
12 16
21 18
0 44
48 14
51 6
19 36
5 44
33 36
45 34
33 48
57 38
39 52
2 57
44 34
17 24
0 21
18 10
33 6
3 26
8 18
53 26
0 34
48 14
54 16
13 40
18 24
33 29
33 21
15 57
8 52
13 0
42 56
40 34
11 55
62 61
48 11
9 35
19 34
57 28
35 48
46 3
29 62
8 59
63 20
55 30
48 25
21 46
6 40
46 51
32 16
58 41
48 18
51 48
51 39
34 40
22 11
58 7
22 50
2 63
51 6
21 34
40 23
41 2
10 44
20 37
40 29
43 37
22 32
61 29
32 37
62 20
20 28
35 29
23 60
41 22
48 29
12 57
30 56
33 14
13 61
16 22
58 24
56 2
8 19
47 46
22 52
33 56
61 54
53 24
10 6
31 54
28 40
60 44
61 60
46 11
28 25
50 38
42 53
30 8
56 51
31 39
48 10
20 48
28 58
27 17
30 21
57 46
56 37
8 55
12 35
44 4
53 32
6 38
45 18
15 38
44 25
35 62
46 30
43 42
1 41
8 55
62 53
44 9
46 22
0 49
38 16
13 58
26 55
26 34
51 55
49 34
36 16
61 18
35 26
36 13
40 15
40 53
5 48
13 30
44 42
33 6
47 3
47 22
14 1
31 62
21 63
28 60
18 50
28 7
31 45
51 27
24 47
60 3
44 52
63 18
50 3
25 54
46 47
46 36
5 35
26 48
62 12
57 1
45 4
6 56
41 30
4 15
62 40
56 58
44 63
21 28
44 57
32 49
63 21
51 41
38 50
26 36
59 2
5 47
58 26
63 61
21 14
47 61
49 38
45 0
7 52
18 20
11 56
17 38
0 44
20 21
0 56
11 21
8 18
25 40
18 45
27 25
44 62
56 63
31 3
20 6
18 1
33 36
52 22
15 2
60 25
17 50
50 63
18 31
52 30
27 23
12 35
45 43
55 15
59 62
26 12
33 49
24 20
49 36
37 27
34 35
1 54
19 14
62 27
0 10
29 62
39 21
13 24
54 45
10 29
40 4
26 18
8 21
32 54
7 19
2 19
31 35
12 16
16 6
39 6
6 62
43 61
59 52
55 6
49 24
55 34
58 1
23 27
3 35
0 51
52 2
25 14
8 30
42 56
60 5
42 50
59 49
40 51
23 21
44 43
40 14
7 58
2 26
25 30
3 36
29 41
1 14
12 55
52 17
39 62
20 40
16 49
33 51
11 20
38 21
5 12
33 53
12 40
34 31
29 35
42 36
49 38
3 22
55 14
47 43
57 8
55 26
20 24
0 7
39 30
23 9
17 54
22 14
63 61
37 22
59 37
52 48
7 42
32 3
54 53
44 61
52 20
33 12
33 48
58 11
18 2
4 28
6 31
3 63
8 44
19 40
31 1
53 59
58 60
41 44
35 33
57 19
39 43
42 38
59 46
36 31
0 46
6 5
3 32
26 9
23 53
4 1
6 59
12 27
17 62
27 29
6 52
52 47
36 46
19 10
30 63
58 2
61 26
10 42
0 46
29 53
3 22
41 25
63 24
13 15
11 25
35 17
33 17
16 42
28 42
63 10
46 63
6 59
20 0
36 13
47 15
19 47
13 61
26 38
36 40
12 11
45 12
38 53
15 28
63 42
19 52
28 62
35 18
45 42
34 51
46 8
38 51
8 24
31 6
61 19
39 60
27 45
62 13
29 18
37 10
45 25
27 14
39 46
46 43
13 41
4 35
61 6
20 33
7 44
17 43
13 36
38 33
30 44
51 13
34 0
18 55
22 37
41 46
26 62
16 58
30 20
54 10
0 7
19 30
26 33
17 46
51 33
23 9
60 39
40 23
28 41
50 4
49 15
33 46
12 17
38 48
0 5
52 39
