250
46 28
16 26
3 43
15 23
52 22
23 41
54 57
45 26
18 22
58 2
0 58
28 7
2 44
59 11
61 12
51 43
27 63
52 8
13 42
61 25
13 16
25 44
19 13
30 18
24 10
42 37
16 52
49 47
50 63
52 45
54 38
31 41
31 49
16 7
48 35
14 27
31 21
46 10
43 2
0 49
46 62
4 29
17 6
21 4
29 42
42 61
42 56
29 16
3 2
43 9
12 59
55 18
17 57
37 13
3 2
46 44
54 1
31 29
40 12
6 62
48 55
14 48
58 34
48 51
3 35
46 62
1 28
52 6
36 17
56 21
27 18
63 45
10 11
33 30
59 9
2 10
56 43
11 60
30 27
35 15
32 13
34 38
63 33
14 54
30 47
58 59
51 9
57 8
24 0
38 10
22 31
22 14
21 25
53 55
3 40
30 42
59 6
4 7
57 6
53 43
15 61
18 22
6 54
30 52
4 38
5 41
1 26
14 34
18 24
38 23
44 9
50 17
23 49
63 49
51 54
16 59
1 59
62 38
21 60
52 45
13 54
18 36
57 37
39 19
54 3
26 62
47 58
39 9
27 12
6 47
37 18
31 50
51 27
28 25
35 33
40 32
2 42
7 12
28 19
46 20
50 12
1 26
57 48
62 23
5 48
14 1
60 24
20 61
5 3
57 3
6 27
44 36
36 50
52 10
25 9
21 31
11 25
49 32
60 61
30 4
34 5
56 8
62 44
51 42
52 36
44 4
33 49
20 5
60 0
58 2
10 47
19 26
37 55
37 9
37 25
11 46
27 34
40 60
63 32
22 45
41 20
45 41
58 41
50 43
52 55
23 41
21 14
61 16
12 4
57 44
56 55
36 51
61 41
16 59
36 41
2 63
57 16
36 23
40 38
14 24
50 39
35 30
42 18
22 25
45 3
23 47
23 22
48 56
10 44
62 9
53 28
6 22
17 36
34 11
28 36
11 55
24 45
8 34
35 1
26 28
33 21
47 6
51 25
11 34
5 12
57 36
32 50
22 24
23 29
47 55
56 36
49 51
36 63
27 38
24 8
3 6
11 52
15 34
48 10
63 32
51 19
55 10
15 43
6 53
55 17
59 32
18 13
21 34
39 33
2 46
10020
23 31
40 33
47 61
5 38
24 5
24 12
21 25
60 23
38 44
41 13
40 18
27 53
20 9
20 54
35 5
24 31
23 16
26 46
59 22
0 1
14 7
6 44
49 56
14 9
47 39
54 32
46 55
31 59
39 0
52 29
9 7
9 31
13 56
32 23
58 45
52 35
28 49
18 3
33 8
33 27
5 4
25 48
3 52
16 56
55 2
57 43
31 28
19 31
43 50
46 33
41 4
36 0
61 17
28 58
19 37
45 32
44 54
29 36
39 11
19 48
60 30
19 42
38 11
6 38
32 9
3 42
32 61
44 25
8 7
34 10
30 37
7 38
1 17
35 20
45 36
33 34
11 0
41 25
29 54
10 0
1 32
38 60
47 8
42 35
44 55
32 52
37 7
6 14
36 6
52 31
60 36
48 2
3 2
11 5
23 57
38 45
51 17
12 54
41 47
21 28
46 45
50 25
30 26
41 47
37 63
38 36
3 26
20 56
58 11
60 46
51 16
52 42
12 41
58 40
60 7
39 60
49 3
39 46
37 6
1 52
12 32
22 25
43 49
40 57
31 12
54 15
34 26
24 18
4 57
45 30
16 45
33 38
27 60
54 44
6 36
50 15
36 17
35 57
30 51
44 31
19 37
30 44
42 30
40 30
48 52
55 11
57 53
21 62
62 3
33 20
49 28
22 61
45 24
39 21
8 18
54 37
63 54
12 2
17 41
7 2
42 43
24 22
7 12
56 29
57 8
24 34
10 0
22 58
3 1
60 31
60 53
12 41
37 31
40 54
0 48
11 47
35 51
58 46
1 48
34 42
60 22
39 38
34 54
53 5
56 63
44 8
42 26
26 28
49 15
34 31
4 49
21 31
20 12
60 11
43 53
18 26
62 54
36 34
4 49
39 54
2 34
13 35
12 39
55 61
13 39
51 1
48 45
13 8
49 5
10 39
5 49
40 30
8 18
40 13
31 7
49 20
19 60
47 32
51 55
10 55
20 43
16 11
19 15
10 17
30 61
50 26
25 47
57 21
16 9
34 31
30 25
38 34
0 50
38 16
13 58
48 42
8 54
25 0
31 47
25 51
25 58
18 26
45 54
28 33
34 10
26 45
43 12
31 23
14 13
11 31
42 58
21 4
16 5
15 5
19 29
59 13
21 62
12 46
60 20
2 23
7 59
38 9
33 61
38 36
52 6
56 38
57 20
13 40
50 12
28 44
55 53
8 0
5 31
52 49
45 61
43 19
51 20
29 57
31 28
48 11
59 14
54 49
47 62
62 41
44 0
24 38
27 54
46 11
17 30
34 22
32 23
5 30
7 21
36 42
32 25
63 61
60 13
39 57
40 1
3 4
16 28
57 26
23 60
12 17
23 20
40 9
10 62
46 33
52 62
63 5
11 43
49 11
19 21
36 58
48 28
40 57
46 27
10 35
39 44
8 14
4 14
36 48
53 41
55 7
52 60
54 1
29 13
14 24
41 62
61 52
50 6
43 22
43 16
7 23
49 45
33 53
40 29
58 14
41 54
47 27
48 9
24 13
50 62
13 24
58 41
36 24
39 45
62 52
31 6
49 6
18 3
28 5
60 18
38 18
58 60
37 25
12 42
50 63
41 6
52 61
55 7
40 63
4 39
25 33
37 10
58 0
44 43
0 62
17 19
63 20
20 62
4 0
37 57
17 37
5 42
49 25
34 56
19 58
11 16
44 8
31 50
28 20
35 53
42 43
50 30
56 47
37 45
51 12
24 21
2 47
32 4
29 43
19 42
15 6
41 8
43 8
21 0
18 52
9 7
25 50
36 13
62 17
2 45
3 26
19 30
47 38
28 27
63 45
57 60
8 38
13 36
39 10
22 10
35 28
6 62
18 51
14 27
58 28
3 33
60 30
7 62
12 5
8 23
15 9
26 4
19 11
30 45
45 27
4 23
17 63
4 23
6 52
31 11
45 17
8 20
25 62
55 63
57 15
42 45
10 61
24 7
6 21
17 25
45 58
43 33
57 40
38 63
25 41
7 34
62 16
24 37
36 43
35 45
50 53
37 40
42 26
10 7
23 20
14 35
11 41
63 3
60 36
11 37
46 18
26 35
57 32
3 24
4 32
1 61
52 22
58 15
20 1
13 21
43 11
61 15
55 44
30 25
8 23
51 36
9 54
40 22
25 29
1 52
4 46
2 25
22 8
10 52
0 31
62 4
40 52
25 47
10 50
53 2
42 60
16 15
17 6
11 36
32 2
23 7
39 8
6 21
9 38
31 40
45 7
52 51
2 50
17 46
51 44
35 41
63 41
2 54
15 0
3 62
29 54
60 33
61 1
12 62
14 7
24 57
22 63
15 38
41 9
1 25
27 57
46 59
33 4
12 39
35 33
53 31
1 45
14 9
14 2
7 19
52 29
5 26
52 36
37 34
18 60
37 62
16 13
61 54
18 19
16 7
5 61
49 6
42 43
38 37
56 53
58 42
38 37
11 35
55 20
63 37
31 52
34 58
52 57
18 17
7 61
50 30
61 9
27 23
19 44
38 41
37 4
46 25
46 16
42 24
10 14
54 20
31 25
49 55
34 2
26 29
28 52
59 11
36 61
31 12
42 7
2 37
0 7
31 27
0 62
25 3
49 42
5 23
20 0
45 22
46 8
41 61
47 11
16 19
12 2
22 61
56 2
3 16
62 17
46 29
48 20
24 40
4 48
6 16
37 2
54 42
36 12
4 40
17 2
13 17
57 32
62 1
16 44
49 5
35 21
57 61
28 55
14 0
7 26
43 57
45 1
47 14
61 12
5 42
51 27
2 59
12 0
35 50
61 14
8 62
22 26
3 42
10 33
34 46
23 49
19 43
30 56
42 44
46 24
61 34
48 29
32 12
19 2
61 17
6 2
18 50
19 28
16 45
58 63
40 46
49 50
34 29
13 21
15 34
5 28
11 5
34 38
57 22
52 36
4 31
31 44
28 60
15 45
2 6
7 0
51 34
12 41
35 14
14 54
36 29
40 0
1 51
16 18
47 45
59 60
35 61
62 49
39 27
12 1
14 32
43 57
41 15
28 39
9 53
5 61
46 25
60 11
55 61
23 19
47 28
28 13
26 28
37 2
49 25
40 14
58 16
16 25
54 48
33 42
62 33
0 5
47 25
40 34
50 60
40 32
43 4
23 45
58 43
30 41
58 60
19 24
44 48
6 58
6 3
40 31
21 27
8 35
49 1
7 14
48 25
60 15
23 54
23 14
22 25
36 44
33 42
10 15
2 57
2 53
32 34
12 29
4 54
61 30
6 41
52 21
11 40
42 16
40 63
44 13
11 26
60 49
62 28
55 23
6 28
60 27
50 52
62 36
40 31
0 16
4 30
2 49
40 13
21 41
2 43
62 59
6 56
18 53
18 38
17 9
19 55
9 25
6 51
30 58
23 31
36 11
24 46
25 12
48 37
27 53
53 11
47 53
45 18
57 46
42 13
49 63
60 30
43 60
43 11
44 56
46 19
28 15
32 50
21 27
4 7
31 29
6 22
32 54
45 46
49 15
34 63
13 35
27 22
50 31
52 62
4 11
28 63
5 25
11 22
55 21
41 5
6 4
46 38
33 12
11 46
40 46
1 7
12 16
16 11
2 55
59 6
53 24
8 16
19 57
59 58
39 12
9 52
2 50
52 38
24 22
44 11
26 62
52 60
19 55
4 20
8 35
60 13
4 30
9 46
2 1
43 24
4 63
2 63
44 2
14 25
60 33
44 48
52 21
0 24
0 48
26 50
16 62
35 51
51 62
38 0
55 36
61 62
13 47
26 37
25 22
44 30
2 37
16 62
59 21
7 46
26 46
18 15
30 43
6 26
55 9
56 35
0 1
26 37
30 63
42 1
54 10
25 20
56 53
17 32
34 1
1 40
22 31
57 30
35 38
7 51
60 27
12 5
0 34
34 61
62 17
30 48
25 1
22 7
46 3
32 45
52 57
18 25
34 14
38 0
41 21
59 35
52 13
9 16
33 48
15 54
55 41
22 13
42 40
40 57
43 4
3 9
49 27
38 35
48 31
37 19
59 3
52 40
35 41
51 38
13 18
40 13
9 14
13 48
48 59
29 49
17 13
29 54
60 3
42 46
50 57
34 12
60 24
29 0
52 6
42 7
20 10
53 47
40 22
48 43
36 8
40 26
12 34
32 42
4 57
32 59
33 36
46 29
26 45
59 58
20 43
61 51
3 15
8 53
4 39
59 34
60 35
58 29
3 54
42 12
39 2
26 56
12 1
28 34
50 27
25 17
0 48
52 61
61 0
2 22
16 61
43 2
20 60
10 1
5 4
33 41
52 38
24 19
47 51
41 62
59 51
20 1
61 52
25 40
17 62
53 21
40 55
20 61
23 26
21 55
29 57
7 19
55 15
62 23
61 54
51 44
24 19
18 32
48 0
47 54
47 58
10 5
58 16
29 41
34 20
48 58
51 48
9 24
37 30
10 40
41 7
11 50
62 39
9 46
9 46
53 2
19 22
55 53
45 11
22 54
30 63
54 27
31 2
48 52
0 42
19 60
43 63
26 52
7 48
13 9
7 17
16 48
38 42
22 38
24 21
49 16
18 46
13 63
32 1
63 31
61 45
0 47
50 44
49 34
6 33
31 30
36 29
36 13
47 8
62 32
45 7
53 45
9 30
59 43
10 41
20 44
7 17
4 15
24 25
50 62
18 62
8 57
15 22
10 1
58 48
43 25
2 30
26 12
63 44
21 5
21 55
57 59
12 41
7 56
60 33
28 0
17 23
44 24
29 52
61 58
9 62
50 59
11 9
31 19
27 59
58 27
43 5
54 56
40 2
29 51
39 38
53 23
51 3
46 23
56 25
30 35
2 6
2 53
40 55
1 38
44 42
46 33
21 2
14 63
15 46
38 33
22 21
29 62
51 49
17 31
16 56
47 18
38 47
45 50
49 58
53 27
61 47
59 56
34 43
8 57
34 31
3 36
0 19
49 56
6 59
28 55
7 12
47 13
1 59
9 24
15 33
1 42
35 8
57 43
49 44
23 40
63 54
40 30
21 52
30 26
20 27
7 15
26 0
33 58
38 8
9 46
18 51
18 54
40 20
15 54
57 56
20 45
51 46
10 35
50 21
12 60
22 18
46 41
15 40
54 38
36 4
60 10
30 25
56 18
40 61
41 63
40 11
26 56
54 53
48 11
4 8
45 57
6 54
59 13
26 51
41 4
7 27
61 33
5 44
28 34
24 9
37 26
15 42
45 55
62 30
20 50
50 37
37 27
53 58
39 10
3 31
56 57
16 19
7 43
2 50
31 57
53 0
43 5
24 3
11 42
32 10
42 21
39 35
32 15
43 17
50 7
10 42
14 27
60 40
6 30
37 61
45 10
26 59
2 40
62 58
8 33
63 37
41 29
56 5
49 17
34 43
14 22
18 8
0 11
59 58
24 0
61 34
12 63
23 14
63 30
31 50
62 3
58 46
15 32
8 29
39 50
10 3
37 17
28 47
20 48
40 0
19 54
7 49
30 8
55 40
3 8
29 61
2 18
43 60
9 29
25 61
6 14
19 14
5 60
23 39
51 54
17 34
48 17
33 18
23 35
60 0
13 42
42 9
53 41
12 15
61 45
48 55
37 52
4 62
24 31
8 63
45 28
57 41
48 54
26 51
37 46
53 59
25 1
52 40
31 49
5 17
60 59
62 16
48 8
27 39
32 39
59 35
43 22
1 26
25 56
51 49
26 45
54 14
3 51
9 22
53 37
40 20
18 47
48 33
40 48
26 28
9 33
35 43
0 45
61 5
2 41
27 20
52 6
44 59
57 7
5 45
43 24
31 16
27 20
7 9
41 57
9 0
14 7
56 63
40 28
2 39
12 3
46 20
18 7
40 3
44 20
38 48
29 26
24 39
16 57
45 38
45 18
28 24
47 7
19 43
13 0
38 25
31 23
51 50
53 40
53 41
2 56
28 39
12 11
6 61
40 44
48 57
57 10
4 32
29 9
53 33
41 21
42 46
25 4
5 46
5 52
45 16
58 59
16 57
52 50
5 28
1 26
45 62
24 37
52 2
48 59
24 9
56 63
32 50
16 25
19 56
27 1
22 51
54 27
52 21
53 62
52 23
37 5
37 45
25 33
52 4
55 53
26 60
42 17
35 32
53 42
59 27
29 43
62 48
19 13
24 51
37 27
1 22
2 10
25 63
16 48
13 14
48 36
39 13
49 48
0 33
62 48
40 20
48 35
17 39
11 60
13 10
7 60
26 55
22 47
58 20
52 9
53 14
45 24
59 34
21 41
18 26
13 61
30 52
37 14
62 57
30 60
27 47
31 63
35 32
39 14
47 1
10 42
13 42
44 36
28 4
44 26
14 41
19 31
62 2
3 13
56 13
62 2
11 61
28 14
51 23
8 20
44 35
38 33
0 43
40 46
49 51
63 7
33 28
38 14
46 43
17 9
51 9
25 47
25 63
48 9
19 61
19 63
48 30
24 58
42 43
45 37
25 22
33 4
38 21
38 39
54 58
4 38
54 30
44 13
62 20
49 3
47 62
19 51
57 11
58 49
6 1
10 39
52 26
22 58
58 12
17 44
57 26
8 49
1 58
52 41
46 2
26 61
22 9
3 2
46 49
36 10
37 39
56 46
33 7
14 21
23 41
21 20
17 18
39 38
27 26
16 13
30 20
25 54
42 33
19 33
5 28
63 9
48 20
62 1
56 63
28 61
46 17
39 10
17 14
32 4
31 38
23 58
55 27
42 26
56 9
46 35
5 18
0 15
60 54
18 24
19 2
23 48
23 58
14 42
45 26
44 43
44 4
42 56
27 48
13 36
28 33
34 47
31 8
28 54
51 2
62 24
16 46
59 57
39 34
45 50
23 24
53 60
31 7
42 29
1 8
46 36
14 62
22 12
15 35
8 3
44 57
25 58
18 48
27 1
7 2
62 31
46 3
27 6
26 44
54 58
28 39
44 6
11 39
12 54
23 31
31 57
35 49
19 44
34 43
16 51
49 55
41 45
19 10
13 41
53 29
16 17
60 39
51 56
42 7
24 50
57 18
38 54
47 5
57 13
13 1
1 5
44 50
25 22
4 62
55 20
60 52
6 63
56 38
60 3
18 11
25 34
62 25
13 23
36 15
35 23
53 27
48 54
36 18
58 48
25 16
0 30
9 63
24 16
19 51
45 28
1 41
6 19
61 9
22 53
62 13
24 57
37 7
56 44
7 41
6 40
14 40
28 33
53 46
37 29
38 10
48 4
7 53
27 55
10 45
3 1
23 32
4 1
0 19
53 30
37 7
47 31
18 46
36 42
48 5
18 25
16 30
32 29
24 19
16 5
19 10
11 35
49 15
62 13
3 29
49 0
30 1
45 2
4 48
23 24
8 3
1 55
39 14
29 48
45 33
18 53
54 21
30 43
22 48
59 19
26 27
41 60
25 17
28 10
6 8
14 18
63 60
2 33
2 36
15 25
21 48
42 44
21 39
11 1
23 51
22 30
30 19
60 21
55 48
26 24
38 11
45 3
59 47
49 40
3 4
25 48
52 54
59 57
49 1
0 13
50 30
12 26
44 50
47 54
40 17
41 1
45 14
58 27
33 28
27 17
17 30
4 30
18 32
58 55
63 59
46 55
21 9
12 63
54 56
12 33
58 49
5 30
54 59
10 20
19 30
41 4
42 3
50 12
41 3
7 31
42 58
35 20
63 8
54 52
25 17
54 40
47 11
2 16
34 45
22 10
16 55
35 51
28 13
8 57
63 12
3 47
2 12
54 24
21 5
27 45
29 0
62 44
9 12
58 14
6 60
37 17
52 14
9 10
13 39
42 12
25 11
55 27
2 28
1 31
10 57
23 5
62 24
58 1
16 59
14 55
32 36
48 40
29 33
40 53
52 15
31 6
31 9
17 30
40 33
52 15
62 23
32 58
53 23
59 12
39 23
54 50
56 49
35 58
44 59
53 3
56 36
39 13
29 1
22 25
57 8
33 14
22 13
53 57
24 15
2 35
34 43
40 45
27 9
56 16
56 32
54 32
19 28
56 52
17 11
12 34
2 13
20 46
42 23
51 40
7 61
35 12
17 2
2 46
10 2
16 61
23 15
13 63
34 39
39 9
36 47
56 27
50 57
3 8
46 45
44 8
44 34
30 14
46 45
63 11
31 14
55 15
48 37
28 19
15 54
50 28
21 3
34 63
32 15
10 55
10 55
37 43
36 56
20 25
59 24
1 5
26 7
10 22
61 19
41 1
41 29
60 18
56 5
5 49
63 22
42 6
58 6
17 44
41 63
48 13
46 49
54 1
20 34
41 20
14 39
56 7
26 40
58 55
20 46
0 61
34 42
17 5
50 44
15 0
6 46
47 24
40 23
9 32
49 14
48 5
20 63
23 15
3 37
10 54
33 20
11 54
44 50
18 24
50 56
57 18
59 19
38 59
40 16
35 62
20 6
43 42
21 41
31 42
55 5
57 47
61 13
23 28
34 19
63 49
6 41
5 1
51 36
56 10
48 27
29 25
29 33
52 15
7 50
4 30
36 14
1 12
1 11
21 13
19 37
57 12
8 52
41 8
21 14
9 13
45 53
51 23
41 49
58 57
0 61
6 19
24 10
21 1
8 29
36 25
15 29
2 44
17 10
30 36
45 21
18 14
40 33
6 10
28 43
28 24
48 46
17 42
26 62
0 12
14 36
47 30
16 24
40 54
23 14
42 1
8 6
25 47
42 56
39 16
33 13
48 55
37 5
51 22
6 11
4 13
28 37
51 21
28 4
49 17
13 0
5 40
20 45
51 42
39 37
14 52
61 37
28 53
22 15
5 21
4 21
3 22
12 26
47 42
15 42
35 39
46 26
9 50
50 19
41 30
43 49
32 40
28 17
28 46
52 15
29 60
58 10
39 19
13 27
58 3
43 21
16 35
20 38
63 9
19 2
38 56
0 48
19 59
15 63
9 43
63 26
25 0
31 49
14 0
18 19
10 29
56 21
47 60
44 31
1 22
7 58
29 5
41 53
25 21
62 46
26 33
25 42
44 42
14 21
33 37
61 25
24 7
48 22
12 0
9 61
51 7
56 21
14 10
17 36
40 41
42 48
18 59
49 33
59 28
20 21
5 35
48 49
40 20
34 11
63 9
50 0
45 32
32 1
10 17
20 12
8 24
55 8
39 16
50 58
15 6
42 40
8 13
27 26
18 45
26 1
2 56
58 4
47 43
13 61
1 42
30 37
15 23
40 26
45 24
29 35
43 2
28 7
30 25
56 47
7 53
39 47
12 5
3 28
38 3
42 15
39 59
50 52
31 0
8 53
40 15
49 13
39 37
54 38
53 12
35 39
45 31
34 11
28 39
28 3
3 41
7 29
38 50
40 15
1 16
9 33
53 47
36 44
35 38
18 4
39 60
48 22
63 22
2 40
47 51
52 34
41 51
3 12
16 12
35 26
48 37
29 6
31 26
58 40
11 25
47 25
5 54
18 2
7 4
59 30
45 49
59 35
40 26
29 5
21 27
44 48
4 14
3 14
57 52
17 11
22 46
13 1
45 36
22 51
62 29
10 22
17 30
38 16
42 6
51 47
34 42
51 57
38 62
63 8
49 2
49 4
27 56
38 23
40 16
33 57
13 47
57 9
32 2
14 43
26 12
53 50
38 58
57 63
13 48
39 31
37 50
16 56
40 22
59 18
37 7
25 36
53 22
24 63
2 19
56 10
31 7
57 5
31 19
18 57
2 26
53 56
3 53
25 38
0 49
46 14
50 8
46 2
59 26
25 50
59 10
60 41
32 62
25 8
45 31
59 57
11 49
63 8
14 15
24 26
33 49
39 22
14 51
54 4
21 31
44 55
12 8
46 42
50 34
55 34
3 42
26 62
8 29
16 40
28 0
35 47
37 29
62 53
57 59
21 36
57 50
43 31
21 49
20 7
53 60
25 53
24 46
15 22
60 3
36 49
42 45
34 19
35 5
9 2
31 59
13 47
37 12
40 54
33 3
8 15
56 60
46 28
26 21
13 55
44 37
34 56
35 27
28 36
10 11
17 20
28 38
18 45
53 33
51 12
54 63
30 10
57 42
40 27
40 28
4 37
32 10
62 45
30 12
37 52
12 20
17 8
3 40
6 29
48 54
16 41
17 43
7 62
11 40
52 19
35 52
43 15
48 43
16 18
8 31
8 43
35 51
3 37
19 60
57 55
6 17
14 36
44 11
60 56
13 14
23 63
47 3
9 13
13 26
23 52
2 33
30 39
36 20
17 55
38 3
4 26
15 22
50 18
31 23
6 31
2 58
10 30
3 38
1 30
35 10
36 17
12 60
7 17
59 36
52 47
22 10
43 6
14 20
26 51
4 13
48 33
39 35
16 9
40 17
11 0
48 58
21 52
49 22
3 53
25 38
16 42
43 24
47 10
27 54
18 56
5 25
42 63
36 42
61 11
36 43
11 35
21 32
23 37
40 53
1 6
63 56
44 55
31 0
22 63
34 13
51 47
56 47
30 16
35 21
10 60
1 35
15 39
53 40
51 22
41 14
37 31
27 12
19 36
40 16
45 10
57 47
22 3
6 26
44 40
0 62
8 7
36 1
8 17
51 26
39 37
48 30
61 63
41 52
31 55
10 28
34 41
62 13
57 34
11 55
54 58
14 38
33 44
34 59
28 60
56 38
10 17
55 44
25 26
26 35
35 32
55 57
54 19
20 46
22 23
50 7
49 18
27 43
50 47
21 27
43 58
56 13
52 23
24 30
11 54
38 54
59 34
46 54
1 45
9 6
40 28
12 48
23 30
41 19
22 29
23 6
47 0
2 14
9 32
0 21
55 44
33 57
7 24
15 28
17 16
36 5
57 0
13 42
43 37
22 56
15 31
3 39
24 29
56 59
28 40
15 3
52 55
61 38
5 44
62 7
51 3
43 5
27 17
13 10
8 33
12 63
5 45
63 40
45 55
4 54
62 13
51 9
8 28
17 21
11 29
56 47
42 9
1 13
51 32
3 30
46 19
43 39
26 0
6 32
18 24
33 0
52 24
25 58
63 20
49 17
43 53
55 9
26 31
58 45
46 15
60 7
12 1
54 33
40 59
42 16
11 34
11 4
27 55
42 59
60 25
33 7
10 62
22 39
1 52
21 24
52 4
61 15
12 36
62 12
15 51
17 58
5 10
45 52
6 17
63 45
49 27
6 42
47 11
39 34
29 53
5 52
24 20
39 50
43 6
50 14
38 45
60 31
62 27
23 16
0 29
30 6
12 26
43 50
21 37
26 28
50 47
42 33
46 62
38 40
12 4
58 40
47 15
16 31
0 33
41 20
29 31
59 57
43 31
24 43
13 18
24 25
51 54
34 11
44 51
14 39
59 52
51 16
63 17
35 38
60 31
4 62
42 9
16 22
33 8
24 6
28 25
20 40
26 61
19 0
37 60
19 60
37 50
56 6
26 18
45 26
29 49
7 49
22 10
63 22
5 57
43 41
45 41
62 63
45 31
43 20
37 26
38 15
63 18
43 54
18 44
25 36
31 48
11 44
11 55
20 34
12 30
54 7
57 46
52 13
63 7
17 49
50 3
40 54
25 40
6 41
23 10
4 50
0 51
5 37
0 17
33 7
21 46
38 9
57 16
60 29
34 5
19 6
27 26
51 26
40 26
37 13
48 58
31 4
29 24
50 29
33 27
46 16
51 4
37 52
23 47
40 32
12 31
54 35
31 12
29 10
26 29
47 49
35 49
57 4
46 59
24 11
33 38
51 16
44 54
30 47
56 29
8 58
31 33
63 59
45 27
2 54
20 34
10 21
30 38
39 48
36 35
21 25
47 48
29 8
62 30
31 18
30 17
51 48
54 32
59 21
30 53
60 63
47 3
37 62
32 12
50 46
58 48
43 31
31 19
5 18
59 25
15 4
9 21
4 54
42 40
39 21
26 56
46 19
63 3
11 25
41 19
29 25
49 52
28 29
6 26
11 34
15 13
30 0
62 8
35 39
41 44
59 24
13 5
25 19
39 20
44 21
40 1
20 53
17 43
38 21
23 32
21 0
56 50
19 0
45 34
10 23
44 6
4 54
57 28
0 12
1 7
53 40
8 36
0 3
55 40
61 19
51 27
19 48
51 48
58 5
8 4
47 18
1 5
22 42
28 32
28 62
58 33
4 38
4 3
57 5
4 6
6 5
7 52
34 20
58 20
1 35
30 54
10 23
32 63
30 5
23 48
52 3
5 29
54 43
60 10
37 34
47 54
6 33
61 0
28 10
55 62
12 4
59 41
12 8
3 49
53 41
41 36
55 11
19 38
17 22
53 6
29 0
28 38
32 49
15 49
8 47
2 21
44 56
63 21
62 25
8 38
17 22
42 34
57 12
31 52
4 34
13 25
4 51
26 0
7 49
49 46
45 28
15 53
62 60
9 42
24 36
16 37
58 59
31 20
55 56
2 47
56 59
35 5
39 35
43 4
56 18
19 29
11 6
41 42
52 22
20 30
53 15
55 42
27 19
4 57
2 42
36 45
12 5
48 41
12 16
44 53
44 11
61 18
63 24
28 30
3 30
32 61
62 12
56 49
22 24
53 23
35 30
34 51
18 28
11 19
9 1
7 45
24 25
17 57
57 54
44 22
62 31
23 44
61 42
51 50
57 46
17 0
50 26
33 28
55 54
52 11
14 23
15 57
25 1
16 25
47 53
62 35
23 45
60 31
29 10
34 7
47 48
51 7
37 36
18 60
55 18
52 46
50 16
25 29
57 6
21 30
28 52
9 38
4 8
19 2
22 25
37 62
21 46
42 58
13 44
28 35
51 61
11 5
53 32
63 39
27 38
14 55
55 61
22 55
18 38
7 56
7 11
9 17
14 0
1 41
20 42
60 41
10 9
49 34
63 5
45 54
63 58
47 9
44 55
18 7
55 32
22 44
5 60
50 40
4 49
34 15
21 28
24 37
14 0
33 29
46 28
21 10
54 47
60 36
28 23
2 43
12 57
62 49
58 34
35 12
3 50
20 34
50 37
9 19
59 18
0 34
59 60
60 20
55 38
53 47
28 18
34 50
60 58
20 19
8 34
7 55
41 14
12 45
15 34
32 31
0 28
10 45
16 63
13 44
0 28
59 8
30 60
25 0
34 61
54 43
16 39
59 43
61 13
23 46
62 28
18 2
47 18
33 15
15 12
36 57
51 19
53 16
3 8
9 40
32 35
38 48
6 61
47 17
4 53
27 20
44 14
25 31
9 49
9 51
30 13
7 55
0 14
62 13
2 33
36 42
35 42
40 45
41 26
46 55
31 19
56 17
32 54
38 34
37 42
59 47
19 12
13 19
34 28
6 10
3 62
32 27
17 4
51 50
32 15
43 62
50 19
62 16
35 58
19 22
4 2
23 5
16 42
61 35
55 49
36 42
15 24
33 31
12 38
18 11
40 59
39 7
50 53
38 23
43 46
23 0
5 26
58 60
47 37
46 26
56 46
14 42
48 36
41 60
60 56
46 32
24 6
43 52
61 7
61 51
16 45
38 20
46 28
33 26
19 36
0 4
45 56
38 62
19 29
21 35
16 13
12 17
6 46
14 59
10 43
33 8
52 48
58 7
7 15
37 63
6 34
50 62
3 16
41 55
42 40
55 1
50 48
55 35
19 21
0 54
38 12
63 20
30 58
33 28
8 56
20 59
2 57
49 62
60 39
33 59
5 62
49 35
23 48
47 40
56 25
12 19
32 6
51 30
12 7
58 23
57 22
44 56
11 50
44 40
54 45
50 59
46 0
42 23
61 57
5 29
56 9
4 49
50 2
18 46
47 55
44 56
35 4
19 46
61 9
34 21
63 34
39 38
11 44
5 46
20 24
40 22
13 31
57 1
9 39
61 16
44 40
41 33
38 10
25 50
32 6
7 47
32 16
30 20
13 6
61 46
41 27
48 25
20 61
23 4
38 29
8 30
36 9
33 20
52 5
52 61
33 59
54 10
36 31
21 26
55 41
37 22
59 13
41 20
63 52
0 10
29 3
16 7
17 23
60 41
15 63
1 44
59 62
1 13
51 60
0 14
45 38
20 6
50 8
49 44
14 61
13 37
53 27
32 13
1 54
9 0
29 0
24 15
1 42
36 21
6 13
56 52
24 61
33 6
3 12
3 63
2 50
34 16
59 28
31 29
18 59
61 46
52 0
7 18
22 52
52 23
44 2
13 59
42 30
41 23
48 43
50 7
28 12
61 42
1 63
50 31
53 63
52 4
5 54
31 40
53 22
7 27
38 50
7 47
53 54
33 28
26 32
15 50
53 42
8 10
0 6
52 37
3 0
17 27
29 62
55 26
42 18
54 8
43 1
44 3
34 13
57 52
52 29
15 55
37 6
20 61
51 38
33 59
19 31
59 60
11 12
17 35
2 21
33 47
28 13
60 30
41 0
18 28
43 21
7 57
19 17
30 4
10 35
0 8
2 0
44 63
4 21
2 7
39 34
9 31
8 22
47 17
16 7
22 14
32 24
2 37
1 37
5 4
10 14
43 27
26 47
52 10
31 17
27 28
0 46
12 13
44 52
12 53
17 27
10 37
26 31
19 0
21 57
30 20
31 4
62 47
22 9
59 0
11 55
33 20
49 38
57 21
22 8
31 12
26 30
20 27
41 5
58 53
26 4
31 59
7 35
60 18
30 17
56 43
8 15
43 57
63 21
15 61
63 32
5 35
39 34
24 18
9 50
11 45
16 2
47 35
36 9
9 45
1 16
53 3
3 45
34 58
18 56
22 52
32 44
25 30
61 24
50 57
16 3
0 53
31 9
26 11
27 34
24 10
50 45
16 31
17 43
47 19
32 53
59 44
36 27
42 33
22 49
2 54
49 9
30 21
15 3
25 53
29 59
45 55
61 19
19 61
19 11
25 8
57 3
10 51
15 8
17 28
62 49
30 53
19 52
4 15
41 49
7 12
55 51
17 42
60 9
6 63
52 32
15 61
9 52
44 33
1 18
13 42
29 54
6 56
55 29
0 3
28 27
43 4
22 40
30 8
20 27
24 57
19 23
22 31
39 46
2 3
55 6
6 37
44 42
50 62
26 57
13 8
52 61
5 58
60 33
26 53
63 50
4 15
50 45
37 7
2 39
33 48
14 62
29 46
46 55
57 7
39 25
33 26
57 25
38 27
54 26
18 12
48 59
62 9
41 10
46 20
49 29
56 61
11 15
4 44
62 29
4 61
0 60
57 17
40 43
62 7
19 0
23 51
33 41
5 55
34 20
37 19
38 12
40 54
43 47
61 11
36 59
34 61
13 52
33 3
51 29
11 47
63 4
24 39
43 22
52 24
1 19
27 48
48 7
31 32
35 6
48 51
61 0
3 14
12 59
18 55
39 11
36 1
26 32
62 33
28 22
15 36
27 9
57 45
20 39
2 8
34 3
36 19
53 24
17 9
40 28
20 8
17 36
46 7
27 3
30 16
18 30
49 17
57 40
15 25
29 32
60 1
29 63
9 42
15 29
59 14
42 8
26 51
12 46
7 38
57 48
24 3
0 35
46 35
23 18
53 20
52 39
1 6
23 35
10 30
46 58
33 20
59 41
11 27
24 8
31 60
39 13
19 1
4 47
2 7
56 5
47 17
20 29
55 10
49 24
43 22
15 37
46 21
59 12
11 43
57 6
32 47
61 45
44 32
2 52
32 24
40 23
18 54
55 27
13 55
30 41
52 50
11 16
43 26
48 51
15 51
10 47
61 11
13 45
44 47
37 58
55 29
0 42
1 56
49 30
11 3
43 29
33 14
25 60
61 13
7 38
55 5
18 40
62 45
35 50
42 16
51 1
37 32
47 9
62 26
43 45
48 60
59 14
36 47
53 11
31 4
24 14
34 62
49 25
15 27
34 25
2 59
29 9
0 36
52 41
35 13
23 14
18 39
23 40
54 58
40 32
15 11
58 47
37 23
57 62
63 41
37 60
59 33
19 25
33 50
45 62
12 32
4 31
25 54
30 2
18 0
48 51
35 28
2 15
11 37
4 33
48 2
40 0
58 24
16 19
25 33
5 7
28 9
21 26
4 54
48 39
3 63
14 38
38 58
33 6
7 8
9 4
4 54
21 28
25 20
44 21
55 4
13 32
10 44
1 59
61 0
53 14
32 22
23 46
59 47
26 27
6 51
5 46
45 52
2 7
26 47
3 54
31 46
23 0
53 28
52 34
33 6
37 23
9 17
37 59
30 9
6 28
23 0
9 24
52 55
58 39
63 25
17 6
12 9
27 14
7 36
8 34
15 14
7 16
29 12
57 25
28 62
5 12
6 51
8 59
5 21
34 24
10 2
31 53
46 56
59 42
20 6
2 61
60 38
42 53
35 6
25 31
58 40
28 10
40 51
32 11
45 21
34 44
34 63
17 53
36 29
42 46
55 9
41 9
26 43
61 21
29 39
49 7
27 25
63 11
15 49
49 3
38 58
24 33
25 14
42 33
24 63
11 12
47 40
4 47
50 4
38 26
52 60
19 57
59 7
21 45
7 20
39 30
57 15
49 43
14 55
15 22
61 24
62 51
16 52
5 2
38 46
27 39
39 12
0 8
42 35
2 59
27 25
49 54
31 50
34 47
28 39
16 40
18 1
9 33
21 58
46 1
49 58
9 32
26 61
59 28
5 8
46 21
22 44
5 40
6 62
10 11
13 40
62 54
32 58
41 10
13 51
3 8
51 14
9 5
52 42
35 8
40 28
38 40
53 19
0 21
20 27
30 29
11 24
22 34
26 2
28 6
41 60
56 29
3 4
25 44
55 1
8 63
59 2
53 61
20 43
45 7
22 1
37 57
60 51
8 20
42 25
34 17
40 33
5 55
46 26
12 16
10 33
49 1
11 42
25 32
24 36
19 7
2 0
24 52
31 28
18 45
46 7
40 11
14 37
17 60
8 44
43 19
38 13
47 37
59 4
20 9
25 12
9 22
46 56
6 52
41 47
27 2
27 4
4 29
54 17
25 46
41 43
28 2
16 37
22 37
34 60
29 51
17 0
15 53
41 45
31 49
27 46
52 50
2 38
58 39
60 52
17 43
7 56
8 26
7 27
58 12
43 10
46 16
35 51
35 61
21 28
55 21
61 13
39 49
16 56
12 51
8 49
52 63
23 13
10 25
32 16
63 10
18 43
51 28
61 42
23 20
30 45
28 19
44 24
22 48
18 24
24 18
9 12
50 30
41 38
55 7
31 24
33 32
48 1
20 31
58 0
45 30
60 49
12 25
2 63
45 53
0 52
27 42
10 21
62 61
22 52
13 48
41 7
19 9
27 32
62 61
41 32
16 22
32 58
45 48
32 3
57 56
2 25
63 42
54 18
55 13
42 8
59 25
56 38
15 56
12 4
0 48
29 10
7 36
30 60
47 50
13 31
59 46
61 47
26 59
55 7
48 18
37 16
28 33
35 42
0 17
31 54
42 18
26 11
12 21
12 16
35 62
57 60
49 24
21 59
42 10
63 5
30 43
55 7
2 39
43 27
37 58
32 22
62 21
16 59
27 20
34 58
0 54
19 37
23 0
62 14
8 17
48 12
18 32
15 55
48 16
33 54
4 41
39 28
35 7
43 57
39 6
5 17
37 57
7 15
22 58
60 2
32 59
50 52
41 50
39 53
48 24
2 7
21 9
5 52
42 62
60 42
6 37
25 42
58 47
9 27
58 22
56 31
18 14
28 57
5 46
38 37
15 8
59 55
11 19
5 21
19 30
47 42
60 62
57 46
32 14
14 42
6 17
60 13
31 39
26 56
50 57
58 57
53 41
31 16
6 12
49 51
46 0
29 19
13 45
0 37
47 48
17 48
28 57
10 49
1 58
26 30
35 42
14 3
63 5
38 46
62 50
47 41
42 41
33 2
44 48
12 31
1 21
58 21
27 20
12 44
59 6
15 25
48 57
48 62
59 26
14 58
44 43
36 55
0 28
46 29
26 4
17 60
0 20
14 55
52 53
56 45
5 62
43 56
25 9
12 40
51 29
1 52
14 51
29 14
22 56
61 50
27 1
61 19
10 50
38 23
38 44
57 48
29 12
6 40
40 39
39 8
50 63
52 1
19 57
55 57
18 36
49 13
12 7
43 37
40 23
35 47
60 24
7 16
62 20
53 39
24 17
49 57
54 1
45 38
59 13
38 53
41 17
4 56
33 25
50 22
62 40
54 16
36 37
22 3
27 17
12 62
32 25
14 54
52 13
30 12
63 40
21 22
21 0
51 53
8 43
63 32
5 56
19 18
57 32
44 61
34 1
21 50
3 12
46 49
52 34
12 56
20 26
18 2
33 3
34 48
55 56
52 53
58 25
59 19
9 30
24 4
21 28
14 30
34 20
46 5
36 61
31 55
9 1
13 37
55 57
33 39
51 46
60 19
48 1
25 44
18 58
5 62
17 62
31 55
13 7
5 11
59 13
6 44
27 51
3 47
10 56
45 11
14 51
40 6
17 20
18 17
25 52
27 7
33 58
47 5
34 17
39 32
1 59
56 55
53 1
9 62
48 58
16 51
11 24
44 7
10 35
6 38
59 32
10 11
50 36
15 40
3 24
40 19
13 38
37 53
28 32
7 61
42 63
39 31
36 52
39 57
50 22
46 51
40 3
47 1
20 56
63 4
6 51
18 61
60 59
60 18
19 39
30 37
53 50
23 9
38 41
20 18
13 55
45 35
59 42
6 25
18 12
61 60
25 34
8 51
37 23
57 14
3 8
48 46
22 26
62 40
45 63
29 22
50 19
48 4
15 20
53 40
35 3
20 49
59 15
36 13
45 33
17 23
53 9
15 1
36 47
13 53
37 21
40 30
42 44
27 55
62 41
37 51
50 49
34 46
17 49
12 58
9 3
2 7
12 32
26 20
42 18
35 63
12 46
7 13
63 10
56 4
13 24
44 63
33 19
7 9
25 12
20 9
27 55
8 46
49 30
7 26
31 41
30 33
2 14
21 47
27 0
7 52
45 20
60 9
54 9
19 42
10 60
10 9
14 15
56 36
1 19
54 42
26 16
9 59
59 20
25 18
24 36
48 14
29 62
6 63
31 20
33 61
60 39
51 52
44 4
21 49
16 58
37 58
9 63
28 49
14 63
3 34
10 31
10 8
27 60
59 57
23 21
32 30
61 41
31 21
61 22
57 55
26 49
15 6
62 24
34 8
38 39
25 48
17 52
43 50
8 42
56 58
59 40
59 14
10 36
61 7
6 29
50 19
19 27
57 52
40 62
43 0
15 46
53 60
58 5
0 37
18 30
25 46
28 48
10 6
17 26
28 56
11 45
18 11
26 45
10 47
2 27
23 30
51 46
32 62
6 0
20 44
24 23
56 21
2 28
26 44
48 14
11 13
42 51
30 37
5 51
63 61
30 1
55 3
16 6
11 21
44 39
7 41
20 13
5 54
38 31
10 17
56 31
34 10
2 36
4 1
41 31
4 9
58 44
19 27
37 60
53 62
56 5
4 7
53 2
30 53
27 31
39 50
2 23
62 12
7 26
57 59
59 28
8 57
57 15
49 31
16 10
17 46
61 21
46 31
51 37
59 13
34 18
46 7
8 63
63 31
42 56
45 52
20 52
40 49
31 32
54 40
29 12
18 60
43 20
25 41
27 63
30 48
39 11
37 41
42 16
37 20
31 3
49 25
52 31
23 44
19 11
11 62
49 1
3 13
49 21
60 48
52 28
13 17
36 16
29 7
48 52
33 14
19 26
27 1
40 11
27 53
21 12
24 23
3 51
11 6
25 35
61 44
27 6
49 46
15 63
56 37
6 58
24 55
23 49
52 17
49 29
5 42
8 10
16 62
54 7
39 31
26 35
39 25
47 56
27 23
18 51
14 52
23 0
28 29
12 61
6 31
20 55
46 17
54 15
13 36
0 37
42 49
21 3
7 57
24 28
42 57
41 38
19 14
59 46
14 1
4 42
9 27
18 15
47 58
37 50
13 25
16 18
55 44
2 33
58 31
57 27
44 0
25 38
31 59
24 11
25 11
52 53
52 45
57 36
36 63
3 2
22 42
30 19
57 10
36 6
27 6
14 34
1 37
8 13
62 4
45 32
54 9
46 0
46 25
15 5
3 28
52 25
21 44
22 2
50 37
63 52
59 30
12 54
15 58
34 16
4 53
42 40
18 30
55 17
55 4
35 44
25 54
14 20
3 39
59 46
43 61
53 23
10 45
31 17
4 54
21 11
34 38
11 37
53 63
13 35
59 24
2 27
36 44
34 3
7 23
32 24
44 25
5 6
29 14
13 62
12 30
56 50
44 49
58 18
52 54
62 46
27 22
1 34
53 8
9 14
33 58
6 14
50 25
8 49
12 41
28 14
4 33
47 55
43 0
6 48
26 33
35 16
14 56
44 11
18 7
63 54
52 47
29 30
29 24
60 44
57 39
57 7
55 13
12 22
1 54
7 42
23 62
51 13
13 59
9 26
41 55
25 12
55 13
39 48
16 40
56 50
15 5
9 19
10 21
31 56
45 58
37 48
14 36
19 35
55 2
15 14
29 9
55 35
39 3
63 52
51 41
2 59
50 4
31 48
19 59
42 15
26 24
4 61
48 59
63 40
20 27
60 24
38 2
60 35
5 30
0 32
56 6
43 9
62 20
25 23
54 48
9 45
17 20
61 31
13 24
26 40
45 21
22 24
27 45
36 58
4 63
45 52
30 7
49 18
50 0
4 21
50 3
42 34
26 13
20 54
30 42
20 56
9 56
1 10
23 16
48 56
14 51
6 43
3 35
14 51
40 14
38 11
57 63
47 61
48 54
41 44
43 61
49 11
34 6
44 18
35 48
57 42
31 10
8 61
2 41
26 44
58 48
27 23
22 13
52 7
46 57
24 22
28 5
15 13
29 27
25 34
29 13
16 11
62 6
41 19
59 31
52 24
60 52
27 38
43 39
44 42
44 17
37 48
1 15
6 42
50 25
7 51
58 2
33 29
17 47
53 33
18 39
18 35
30 29
22 3
10 24
27 53
34 55
47 2
11 49
46 42
42 17
18 50
62 20
15 32
37 25
45 21
20 19
61 23
46 26
55 35
12 26
12 30
61 30
58 53
28 10
44 22
38 23
60 23
55 56
26 34
35 10
53 6
29 49
16 19
44 8
24 54
12 5
27 20
52 19
9 49
18 57
55 22
27 3
51 57
13 33
18 11
4 15
40 23
37 48
61 21
39 13
1 16
21 43
18 36
12 51
16 42
14 20
12 56
41 18
6 24
56 9
24 28
63 30
41 58
21 52
62 50
21 29
37 12
39 54
9 62
63 43
35 3
17 5
41 16
50 61
40 57
25 15
32 40
9 37
63 34
52 46
35 61
46 18
44 59
50 49
37 12
15 56
11 48
20 61
48 3
5 0
20 29
21 10
44 40
44 32
36 58
48 10
9 34
55 61
61 16
28 13
8 37
60 0
23 52
60 19
3 33
24 14
0 57
24 54
11 63
49 27
37 12
10 31
45 36
37 60
30 19
60 21
43 12
24 35
8 39
15 47
12 62
52 25
19 13
5 24
42 62
49 51
7 0
53 29
30 10
10 18
42 34
41 25
23 36
50 40
21 62
27 1
4 34
39 5
28 58
22 2
1 60
56 53
21 1
6 26
24 32
37 33
63 49
45 39
42 17
48 54
50 0
10 19
14 61
25 8
22 21
53 21
60 47
52 30
16 54
28 0
35 11
38 7
23 38
26 60
24 12
52 4
24 5
58 48
40 14
4 27
36 29
18 54
44 33
14 33
56 24
26 23
8 25
33 54
6 56
49 53
1 42
20 59
38 33
9 5
57 52
51 35
15 19
26 44
61 16
16 36
38 42
45 21
34 15
31 33
20 55
34 21
60 3
27 45
36 45
12 52
10 15
8 38
56 17
45 60
0 17
59 15
51 53
46 8
29 51
8 49
49 62
61 12
47 54
14 30
10 20
28 57
20 54
31 60
42 26
26 1
62 26
47 49
11 59
46 57
8 21
20 6
3 23
37 1
37 51
6 42
57 58
50 7
25 39
3 33
53 60
13 0
52 31
28 45
9 13
59 26
29 19
20 61
18 44
2 4
11 13
34 42
7 44
58 40
54 18
60 25
25 38
43 10
55 38
61 35
29 28
46 10
58 56
9 52
12 13
63 10
56 4
55 13
20 63
33 62
3 56
10 16
35 42
26 29
6 63
47 54
27 30
47 36
23 13
43 53
4 25
57 21
3 57
59 12
44 48
2 15
24 47
35 12
37 50
51 5
5 34
6 18
54 1
10 51
19 38
54 59
22 1
10 47
24 51
60 20
54 34
44 22
19 48
10 31
27 20
52 45
49 22
13 36
29 1
58 27
45 50
61 11
61 60
39 29
10 9
11 9
51 44
62 47
10 60
59 17
31 17
60 61
15 44
4 36
21 1
2 1
19 49
6 31
25 45
44 11
41 36
10 42
28 10
40 59
16 53
19 44
54 53
2 9
27 63
9 1
47 60
17 49
36 42
25 57
47 28
61 30
20 8
31 39
16 2
51 8
49 42
30 28
56 2
10 62
21 22
21 6
28 35
29 59
40 32
63 48
17 57
39 42
0 54
23 35
34 7
30 21
11 4
1 37
14 33
50 51
32 39
42 1
36 37
13 14
48 38
56 47
15 4
33 3
58 40
10 57
21 16
63 28
9 20
9 2
12 54
0 36
53 4
6 10
41 52
30 24
4 38
16 44
0 16
32 38
11 63
17 60
24 38
59 9
41 45
16 9
28 14
26 62
15 44
43 63
15 49
39 12
53 18
1 28
12 58
45 7
21 38
8 27
44 52
45 48
44 11
38 27
18 25
49 60
58 20
60 50
18 4
23 3
43 41
56 32
29 16
2 34
39 37
8 44
16 17
8 58
55 52
48 40
16 60
40 22
25 42
16 49
51 10
37 62
16 30
52 11
3 38
24 58
40 41
3 16
12 49
27 22
40 14
57 61
12 24
53 40
4 13
24 27
59 56
18 56
45 13
54 32
60 14
62 34
15 3
34 19
39 46
30 44
10 62
49 27
33 61
39 23
58 14
52 47
37 63
9 14
52 48
49 29
34 26
10 26
38 21
41 51
33 59
31 17
33 42
35 2
54 0
60 46
30 48
48 38
14 3
44 26
17 28
34 24
29 49
0 44
35 15
51 26
16 34
48 51
41 52
26 33
9 35
21 11
10 51
25 44
44 28
21 18
0 49
23 49
6 35
33 43
46 47
31 19
59 31
37 31
49 23
58 51
35 3
29 22
29 32
18 2
29 41
2 19
31 12
50 55
44 48
0 32
49 48
7 31
15 50
21 52
38 32
16 52
16 8
33 55
26 28
8 34
60 13
23 63
2 33
0 10
33 37
12 34
40 6
26 20
16 46
53 13
4 51
18 58
48 34
58 46
59 36
7 11
60 49
34 39
8 16
58 24
17 40
40 26
8 57
43 3
32 31
63 7
25 29
33 58
33 27
17 42
51 63
6 31
36 59
52 7
26 27
1 15
6 44
35 16
25 21
4 54
2 50
17 42
6 31
15 14
33 1
27 52
34 6
10 48
20 16
61 16
52 41
2 38
60 9
57 35
22 62
38 45
35 62
15 49
24 4
37 38
25 34
35 24
50 55
10 20
45 9
10 11
16 38
28 17
23 57
56 5
11 21
19 54
33 14
19 51
46 53
19 45
22 36
49 14
40 43
57 4
37 33
32 26
51 6
48 38
52 2
3 8
40 3
18 6
31 15
0 12
28 24
27 33
15 46
39 47
56 20
19 16
0 28
34 35
23 18
5 40
27 19
33 52
60 58
45 59
40 13
12 55
24 44
40 39
21 20
60 56
61 0
31 22
50 16
31 2
54 18
8 55
60 59
52 25
27 19
17 27
18 26
45 60
56 32
40 41
2 18
21 1
28 57
20 0
28 26
42 18
29 41
53 45
29 34
15 51
19 54
3 5
46 59
60 38
39 15
28 24
41 28
60 40
44 21
16 31
11 51
61 25
44 46
61 37
56 35
53 36
47 51
40 63
1 50
31 46
25 5
14 6
42 25
56 50
37 51
31 2
57 60
12 35
1 20
47 12
56 34
16 36
12 41
6 44
41 47
19 33
62 22
49 6
6 0
3 60
16 59
21 26
52 48
38 4
46 37
23 27
17 25
36 53
59 17
8 43
43 62
16 15
37 54
17 27
7 15
19 9
33 26
52 47
55 33
48 15
3 19
19 42
55 53
14 31
11 43
49 54
20 2
32 29
40 34
30 10
18 39
60 39
34 20
14 26
16 40
45 23
4 7
57 33
39 28
26 10
45 32
57 16
10 59
38 31
50 54
57 24
53 1
8 31
27 21
19 4
58 17
21 1
12 42
55 19
55 47
53 12
2 41
17 4
22 55
21 22
33 9
39 34
53 26
44 62
5 26
34 59
38 62
49 54
7 10
11 21
48 18
45 20
25 31
38 3
2 35
37 39
30 4
3 45
17 55
51 61
49 47
51 29
2 54
34 56
54 14
30 15
46 7
14 33
35 52
38 23
52 56
9 33
20 42
32 41
23 26
50 35
35 41
47 16
0 51
53 21
30 28
46 20
60 7
24 54
44 22
54 48
4 31
37 36
47 3
21 45
46 12
59 35
22 24
53 46
23 53
28 25
57 50
10 20
7 56
38 26
42 43
44 38
9 30
43 7
9 63
24 53
31 0
2 39
4 46
53 49
62 35
9 45
29 2
7 49
34 60
11 13
48 18
59 31
48 57
21 14
51 41
33 62
11 47
32 9
58 15
16 6
47 34
25 32
8 23
32 30
53 21
42 52
62 37
45 62
33 53
2 48
1 39
10 16
33 46
21 59
9 40
19 44
6 22
13 40
38 49
20 40
24 36
30 16
16 24
6 57
41 35
31 21
58 14
29 12
62 39
57 63
41 52
42 32
11 23
26 52
23 54
16 8
19 22
0 58
58 10
40 50
58 29
54 16
13 0
29 33
48 50
11 22
40 52
52 60
24 23
26 57
52 63
36 55
10 61
44 52
60 18
9 12
39 60
5 18
59 28
18 4
44 46
10 20
12 44
42 2
42 46
45 44
60 43
0 59
54 46
6 63
12 60
57 42
16 9
26 47
53 60
41 47
59 61
30 50
55 60
57 10
60 7
29 43
11 20
55 58
9 40
25 0
15 4
62 16
54 52
5 1
42 43
62 7
47 54
49 36
52 36
59 61
25 1
43 57
39 21
37 49
49 10
48 9
53 63
49 3
45 21
37 3
54 36
30 24
58 35
48 29
46 34
16 51
53 6
49 2
44 31
46 27
61 43
43 12
2 51
53 33
61 29
22 1
46 33
26 11
55 7
11 2
43 60
4 7
20 51
18 20
45 14
50 21
42 18
48 34
58 38
39 16
46 55
13 53
56 40
32 58
50 20
14 50
28 27
6 36
34 0
14 5
13 17
41 2
24 34
17 36
16 7
54 22
32 24
24 53
52 9
39 2
1 50
7 49
27 25
57 59
25 60
62 43
49 48
61 36
20 40
34 1
21 40
51 38
27 37
38 50
10 1
56 62
32 4
30 43
38 11
26 42
23 43
63 49
42 35
40 49
58 38
40 41
27 21
49 22
21 19
47 4
24 22
61 39
49 63
41 2
37 38
18 35
23 51
39 20
13 55
53 52
57 53
31 21
33 36
56 36
17 19
61 48
55 27
39 62
55 29
19 3
1 47
41 48
29 37
43 4
26 28
23 40
51 56
20 18
11 60
41 10
4 53
32 51
47 27
60 23
14 10
12 54
16 21
4 45
44 48
53 39
10 39
25 45
7 12
20 47
46 62
42 38
34 14
17 49
15 30
34 58
27 41
15 6
50 33
24 44
37 35
37 43
25 54
55 23
50 61
20 2
59 34
35 14
25 59
40 26
54 10
14 11
42 24
55 62
26 34
0 17
31 37
49 31
12 59
44 21
51 18
56 15
51 35
63 28
18 51
35 30
30 57
57 24
26 43
52 11
50 2
48 1
23 61
44 53
24 5
8 5
1 23
14 30
18 52
56 33
28 45
57 53
2 41
24 27
47 12
9 60
22 16
37 5
58 59
12 63
24 34
18 36
19 25
30 13
10 62
45 47
39 1
28 60
4 48
59 30
4 15
54 50
59 24
24 34
2 51
49 53
25 34
56 26
32 57
37 17
35 46
37 36
35 30
19 20
9 48
22 38
48 55
35 17
19 11
26 40
1 36
13 49
26 6
47 46
52 22
57 36
33 59
16 31
16 59
57 17
16 50
46 53
27 0
14 62
42 4
60 23
0 53
23 31
11 24
53 37
24 20
38 61
33 49
34 19
6 49
26 14
54 38
24 62
47 62
0 51
14 56
30 16
18 31
60 10
55 18
19 18
41 13
49 62
41 12
37 38
56 15
12 0
34 16
49 8
41 11
11 20
0 10
51 49
58 52
47 38
31 11
45 46
16 61
11 47
33 43
8 39
51 50
55 1
10 8
48 29
48 49
0 30
11 7
14 5
44 56
11 8
7 30
37 41
6 15
0 48
18 28
49 46
31 28
28 56
29 39
59 23
45 41
34 20
42 38
35 6
14 9
29 54
50 62
15 52
51 58
21 27
63 28
45 26
19 17
2 58
57 8
58 43
34 31
38 47
46 61
2 30
21 8
31 38
58 39
10 16
13 17
29 31
51 19
38 13
4 63
63 24
63 6
18 45
14 45
18 55
1 8
62 30
47 44
4 39
43 31
20 39
59 56
31 25
47 1
57 6
56 48
32 38
35 14
37 41
57 23
4 27
33 29
15 49
43 60
47 45
15 43
46 56
58 38
46 43
33 50
45 16
8 52
23 31
7 28
54 51
37 51
50 19
44 29
27 30
62 42
30 35
3 17
56 42
49 58
43 52
33 29
16 20
7 20
51 57
52 26
1 4
14 50
11 27
4 59
13 27
34 43
16 7
20 7
37 12
48 6
49 61
7 47
41 58
28 61
58 9
19 31
51 3
44 17
41 35
47 44
30 9
10 55
22 37
27 17
4 42
20 28
14 51
26 39
36 0
62 5
6 28
36 17
54 1
38 24
57 16
62 41
12 15
5 45
28 26
53 16
21 23
31 48
56 9
40 30
59 55
6 45
57 44
51 60
22 59
25 12
61 55
50 62
49 41
3 24
15 54
52 3
14 18
54 5
44 47
54 0
7 12
41 21
39 29
23 42
39 6
20 63
23 51
50 2
43 8
18 51
24 34
56 29
36 33
42 8
40 55
20 53
57 34
7 57
31 54
37 29
4 63
50 25
49 58
4 34
21 25
0 20
52 41
6 20
9 61
32 45
6 56
57 45
51 55
34 42
34 32
58 25
9 39
32 54
36 3
27 22
27 39
57 16
28 8
5 3
47 0
5 59
57 45
15 43
2 33
44 15
61 43
46 6
47 62
0 7
60 56
34 35
26 32
63 9
13 27
61 63
60 36
37 31
42 17
3 37
10 13
56 31
18 16
38 34
29 15
63 61
9 48
34 13
28 54
39 54
38 15
51 5
10 53
11 38
48 49
7 43
63 29
2 38
3 63
10 19
27 62
7 61
0 53
29 18
37 32
50 16
27 62
14 25
13 40
6 7
53 62
21 38
30 7
36 63
8 39
24 62
62 59
28 35
37 27
10 22
14 59
32 63
5 6
29 3
15 23
48 11
39 23
36 20
50 11
17 30
45 8
39 6
49 2
28 0
24 20
6 26
5 12
38 44
8 3
24 53
19 37
35 13
35 23
14 55
14 13
59 2
54 16
60 62
45 55
27 36
36 33
11 28
35 13
15 22
17 15
2 16
51 22
39 10
34 13
31 60
39 51
0 51
54 37
35 56
2 12
59 11
50 37
29 57
48 22
39 1
22 21
8 26
3 8
54 57
60 3
47 11
34 25
15 4
35 41
10 35
26 15
61 11
28 50
27 18
44 49
40 22
7 59
61 47
49 51
18 23
59 42
60 13
10 35
38 61
20 2
35 43
7 24
24 53
47 10
4 59
32 39
57 27
30 52
32 62
56 34
6 27
53 45
37 9
42 30
59 13
55 21
61 24
10 1
45 43
51 44
28 56
46 7
52 0
61 55
29 21
42 26
48 24
3 36
45 1
1 32
14 30
14 55
28 24
48 52
30 46
3 45
0 28
20 25
11 9
9 6
2 52
20 7
59 0
3 46
14 56
5 41
57 32
32 34
44 32
12 53
3 61
1 26
4 61
11 16
24 22
44 1
34 0
44 3
6 52
8 3
18 2
11 8
44 29
4 11
52 5
16 46
16 3
61 53
43 16
32 19
41 44
48 41
9 63
4 34
55 49
8 60
18 22
9 16
34 13
22 53
14 28
60 62
56 11
20 9
42 18
10 38
48 47
0 9
9 11
33 12
1 14
12 17
24 6
19 29
1 60
22 50
29 34
49 62
58 39
46 25
61 50
6 59
48 18
47 37
28 13
1 38
39 45
23 17
42 11
41 37
51 49
12 47
49 8
60 53
6 62
17 4
23 33
35 52
55 47
5 49
26 2
15 26
19 45
36 23
13 44
31 3
22 17
23 13
52 55
8 63
41 51
40 49
18 56
43 20
39 26
23 38
45 2
40 62
22 60
53 12
50 27
0 28
11 27
30 56
52 62
51 38
54 11
58 15
62 23
13 36
13 61
0 55
52 39
52 12
48 37
53 4
29 32
49 50
59 7
9 8
22 54
20 30
10 46
51 54
43 8
47 13
45 63
0 32
41 5
25 10
1 58
57 24
19 42
10 30
59 20
57 11
31 23
29 21
13 33
12 45
30 55
8 47
13 55
31 0
21 56
27 30
20 2
35 54
35 23
46 32
9 7
33 32
40 37
13 51
21 20
34 49
1 49
60 7
56 22
0 42
7 30
28 39
45 24
52 21
55 24
59 20
18 52
27 32
20 36
57 44
31 47
21 50
20 24
39 36
14 62
4 7
29 47
63 52
42 4
56 18
62 16
57 59
31 55
34 33
54 53
26 14
40 44
3 7
30 24
53 40
13 8
25 38
6 62
41 11
40 7
36 54
29 18
29 46
61 2
1 62
60 42
2 30
30 49
24 33
33 11
28 20
45 55
27 33
30 17
45 9
63 37
18 43
61 20
11 31
24 18
38 61
0 7
14 48
56 62
52 51
9 45
41 40
50 34
30 46
0 50
13 20
1 30
40 18
23 4
47 5
8 55
50 57
38 5
59 18
25 14
39 19
36 55
53 5
15 1
12 9
52 8
47 40
10 41
35 5
35 17
16 29
21 16
39 45
29 52
62 38
33 25
5 23
13 0
28 44
0 54
42 7
15 44
32 47
26 22
9 5
9 24
4 11
45 13
22 61
43 38
3 29
12 2
12 42
39 20
43 52
53 60
53 1
50 14
13 60
63 19
45 0
15 39
39 37
36 55
34 30
58 39
42 25
8 15
17 45
56 9
34 43
61 16
12 13
63 14
14 37
2 1
2 4
47 39
35 40
36 28
5 8
3 30
7 25
52 39
59 40
29 31
56 2
29 46
26 46
45 43
62 26
52 23
7 23
2 21
27 26
52 22
6 34
61 19
0 14
11 59
58 55
49 16
13 35
14 31
37 40
25 43
42 63
32 29
40 28
14 3
16 55
54 37
49 42
7 21
24 59
2 22
53 37
26 61
57 9
17 14
1 28
40 21
26 22
12 32
32 56
50 17
61 36
13 18
5 0
32 62
16 57
34 51
18 5
56 43
12 38
9 22
36 60
7 32
36 1
1 60
38 3
38 31
2 19
35 25
24 53
43 13
18 12
30 60
45 39
35 59
4 17
63 38
6 23
24 28
24 62
34 9
34 21
4 57
15 10
0 43
54 38
57 1
27 63
41 43
49 7
30 47
0 55
5 49
39 23
0 21
7 30
16 14
1 58
29 1
48 9
39 47
59 44
11 5
0 19
14 30
60 1
28 33
24 48
26 31
52 57
36 63
49 26
8 42
41 26
1 44
25 32
41 51
25 23
33 32
2 42
41 0
22 10
16 5
10 1
41 51
13 47
18 40
4 12
11 24
21 4
56 42
58 43
39 25
4 11
40 44
40 45
52 21
39 54
34 53
19 33
46 23
17 20
43 46
40 24
30 13
58 19
24 57
8 39
54 62
46 12
23 49
26 60
18 19
57 3
48 33
14 5
46 57
17 27
14 12
49 45
30 20
56 63
22 24
43 62
4 0
9 15
22 2
0 13
9 20
19 36
34 1
60 36
20 28
38 62
60 47
49 48
56 10
47 15
30 45
30 45
45 57
53 37
38 54
19 15
59 0
17 4
16 31
62 33
3 58
1 62
22 51
25 55
31 28
31 11
15 11
19 22
19 52
59 7
62 24
13 41
29 10
21 24
22 51
47 57
58 38
28 38
23 55
51 54
24 34
49 27
55 31
9 54
28 36
0 48
42 58
63 56
42 18
47 37
1 17
1 29
56 2
48 40
38 25
41 59
16 2
6 29
45 59
49 7
57 1
63 35
21 8
5 49
28 43
25 24
39 60
39 19
43 50
4 53
34 62
41 21
10 46
45 39
57 21
53 6
15 53
62 63
36 48
46 58
23 2
52 22
23 51
15 55
26 36
6 43
11 9
16 15
9 41
39 9
18 25
24 35
42 47
8 54
51 16
49 43
22 24
55 50
37 14
43 24
55 8
35 36
62 25
29 39
13 50
36 51
55 18
20 62
32 23
32 54
29 6
6 26
19 3
59 46
31 55
19 57
39 48
43 42
40 60
44 51
2 24
55 43
31 11
50 27
0 3
2 47
28 23
17 11
31 9
4 57
35 44
40 56
3 51
22 44
14 9
26 54
12 8
26 58
8 44
10 50
10 39
39 28
41 8
40 19
38 9
24 48
35 30
36 55
43 45
30 26
58 5
49 59
54 50
48 51
33 7
15 30
6 39
60 27
26 36
6 14
62 53
16 3
28 41
58 52
40 29
9 62
35 22
33 26
23 27
58 30
9 15
11 44
21 18
3 63
33 8
17 18
16 58
12 16
17 29
45 12
31 32
20 33
12 54
3 33
38 22
13 45
14 55
30 2
50 5
50 5
26 63
15 48
28 45
38 24
28 29
47 53
38 31
14 2
18 21
61 28
53 26
62 35
32 46
23 21
32 14
22 52
26 24
61 47
49 52
47 1
5 28
2 21
17 49
59 13
32 37
50 34
62 18
10 14
23 6
48 12
44 39
5 32
60 17
2 1
35 57
42 41
43 11
28 63
57 4
33 7
34 16
16 40
44 12
29 33
29 9
47 8
58 5
31 21
39 14
44 0
42 27
44 25
23 30
50 46
48 41
27 23
61 44
16 49
32 34
21 53
44 8
22 43
52 59
59 34
31 18
21 7
54 63
27 20
51 54
50 44
34 46
61 24
26 34
53 18
12 27
36 35
56 57
41 52
44 4
54 10
29 43
61 10
46 52
20 0
59 22
26 16
32 14
9 41
57 29
1 7
50 12
9 5
55 28
50 48
6 57
41 42
42 4
34 44
45 53
30 5
23 6
51 48
9 47
32 62
2 62
9 10
53 33
54 0
11 48
41 36
0 15
61 36
20 24
10 30
38 8
37 33
30 39
61 62
15 54
24 38
45 32
21 60
51 50
45 0
1 41
13 23
28 48
4 40
46 29
23 62
38 36
36 28
38 21
41 27
53 9
26 20
30 46
1 17
13 24
51 13
36 59
51 33
27 30
15 30
27 1
16 29
12 17
15 37
20 15
34 42
41 18
11 9
26 42
5 55
23 42
45 57
60 22
20 22
63 1
26 11
39 55
60 3
2 15
3 62
30 42
13 43
9 34
34 38
45 1
29 41
28 51
29 56
10 52
25 35
21 11
25 53
21 14
22 27
31 35
60 44
45 36
60 19
24 0
24 51
2 52
11 59
38 12
13 6
55 44
34 8
47 56
2 6
8 11
23 32
5 61
56 34
0 20
24 7
54 62
12 39
48 14
25 45
15 13
29 55
2 52
29 25
13 0
45 31
48 10
21 38
50 18
29 53
46 49
7 50
32 8
19 38
13 18
5 47
42 46
45 55
4 11
38 5
62 35
31 17
23 43
3 14
21 58
27 2
14 5
6 29
61 22
53 40
56 42
55 8
17 62
7 40
3 15
45 32
38 28
44 35
12 18
38 36
28 16
26 13
21 7
26 33
22 44
39 44
29 0
44 8
58 34
63 1
47 16
36 40
24 9
5 11
40 23
7 50
14 56
5 23
10 33
12 49
24 44
56 61
57 41
50 54
30 16
53 5
14 59
51 26
62 14
19 50
53 42
20 14
49 42
23 41
50 47
40 48
27 9
3 33
24 60
61 25
11 39
33 5
62 21
31 6
63 50
59 25
41 42
50 30
23 21
33 63
40 0
62 63
3 25
29 31
14 50
37 43
31 0
52 29
6 50
18 12
6 60
15 46
25 28
56 59
62 35
59 2
57 55
25 53
48 59
26 58
34 40
10 24
2 34
41 23
38 7
47 42
46 38
34 33
12 7
10 25
39 36
5 25
39 35
29 7
3 1
54 15
60 13
31 12
25 37
43 30
27 60
28 34
52 36
7 19
8 2
54 56
63 52
36 25
59 31
38 17
38 0
7 37
63 30
24 49
20 34
9 29
30 57
62 29
14 16
61 48
62 46
24 55
49 60
0 62
62 21
55 56
52 3
25 62
28 33
35 50
21 11
31 54
44 21
19 45
28 54
4 20
15 1
54 3
39 59
61 28
36 43
47 4
26 59
63 18
35 54
37 2
53 17
0 5
13 4
16 6
11 62
40 41
40 21
46 13
17 53
14 12
45 47
52 45
39 62
43 53
44 24
55 17
40 15
40 2
20 50
59 17
56 3
25 50
58 41
34 1
19 40
50 16
18 46
38 57
25 28
21 4
54 28
28 49
18 53
39 42
39 4
28 5
10 24
12 42
31 16
16 57
7 11
36 63
22 47
42 12
27 20
50 19
29 40
59 25
7 20
62 33
48 17
12 0
7 11
11 63
31 8
24 60
32 43
53 43
13 46
18 25
42 34
7 33
40 9
19 44
11 37
53 47
57 16
56 19
62 56
37 0
31 43
14 46
33 41
5 23
11 42
35 42
53 38
55 47
23 34
2 10
28 42
26 31
10 11
37 42
46 60
41 21
11 63
48 30
34 59
49 28
3 10
55 62
50 39
8 48
14 2
59 22
22 53
59 47
45 29
33 15
54 27
39 2
13 43
54 35
9 26
53 28
26 12
23 26
47 12
41 24
25 24
45 6
49 42
49 26
2 25
50 29
13 30
60 63
25 62
40 9
60 6
48 42
4 44
9 41
18 19
63 1
39 28
19 61
20 2
12 31
8 20
39 25
45 57
35 1
35 52
33 40
29 37
56 37
63 13
60 3
21 47
13 34
59 21
9 55
37 11
17 29
22 49
43 18
60 0
6 0
54 20
14 52
50 7
27 47
37 54
44 8
57 52
11 52
43 37
0 46
1 34
55 4
30 50
3 34
16 61
43 30
26 18
35 51
59 51
34 60
27 41
53 5
40 1
56 2
39 31
49 54
45 2
36 30
63 0
5 18
49 6
52 17
16 61
20 29
8 33
22 3
24 58
6 42
35 42
10 21
60 55
41 29
34 10
14 22
24 58
63 25
0 52
61 50
27 32
63 33
52 60
58 2
2 5
59 14
30 36
11 17
32 3
21 45
4 33
21 26
45 52
31 63
14 29
10 14
31 4
31 22
49 7
24 36
46 26
23 3
44 53
26 31
58 25
43 55
55 18
5 56
19 0
58 25
36 44
27 28
17 25
45 4
43 25
57 61
53 14
41 57
23 32
26 21
53 54
9 13
45 60
19 21
41 43
29 41
56 0
6 49
59 62
16 49
62 50
50 38
36 7
12 51
8 24
1 39
7 11
53 56
2 4
62 34
18 62
63 32
12 38
61 34
13 56
50 49
10 35
30 47
2 33
22 1
29 46
27 19
28 29
18 23
43 41
13 53
59 51
4 25
26 25
10 9
43 0
21 33
42 54
61 24
33 27
16 6
40 27
15 35
41 48
41 23
59 60
43 31
30 31
18 34
55 44
13 39
8 27
15 6
31 6
1 56
1 11
46 53
48 54
12 18
34 42
45 34
15 31
6 2
41 44
51 36
53 49
5 32
63 57
33 44
49 41
21 7
33 35
42 14
42 58
7 13
37 26
50 41
42 4
38 20
24 33
12 18
14 18
40 8
54 45
9 13
34 59
10 33
57 37
47 62
0 35
62 52
16 51
29 46
25 21
18 4
19 17
20 19
54 16
5 22
1 34
17 46
36 17
45 36
9 19
44 19
9 40
13 19
2 49
58 17
14 47
39 50
38 37
6 16
62 17
41 27
40 60
36 2
4 16
61 6
24 15
24 13
32 26
11 28
21 20
62 28
46 13
14 4
50 2
57 8
52 11
49 0
8 0
22 36
58 36
3 9
4 27
10 43
52 19
44 22
45 26
42 22
29 51
12 34
58 12
43 3
63 46
3 32
34 0
54 17
44 45
19 11
55 49
62 54
29 61
8 12
38 40
36 11
32 9
43 52
14 12
36 24
21 13
37 57
4 54
41 4
44 9
5 15
20 62
24 9
63 34
19 11
12 3
17 18
63 8
7 28
60 10
7 6
35 57
35 51
27 42
4 0
28 22
24 34
46 17
46 35
28 58
7 50
34 27
46 43
22 13
12 5
60 36
15 25
47 13
20 12
20 32
48 6
42 35
27 21
23 43
35 47
59 45
15 50
62 41
56 11
47 35
58 26
31 62
16 13
43 30
48 16
23 49
10 32
61 8
47 8
13 27
7 61
43 18
44 9
43 57
46 3
32 63
22 58
60 0
19 6
50 16
29 52
27 23
10 35
45 50
23 49
59 35
57 60
50 46
44 49
41 62
23 37
21 56
15 42
59 0
36 26
49 32
60 32
38 16
55 17
51 52
50 25
46 13
35 44
50 26
23 37
48 63
38 14
36 23
26 3
0 45
1 34
19 16
60 31
24 57
62 60
40 54
11 39
42 21
40 6
44 56
51 40
19 60
24 3
9 11
52 5
42 28
5 14
35 1
33 60
56 34
15 30
45 6
30 28
62 3
63 24
38 49
40 49
26 55
28 34
42 32
5 7
47 49
27 54
7 14
60 46
48 46
25 44
19 43
63 35
4 50
6 12
61 24
7 11
45 42
51 58
26 3
39 26
61 10
59 38
43 9
59 47
35 38
44 46
46 3
43 55
33 55
51 59
34 4
56 36
16 11
22 17
35 60
54 11
30 46
17 30
6 51
51 61
15 32
48 20
39 14
38 19
23 21
41 32
30 14
59 7
53 22
53 10
24 13
19 27
14 19
55 47
39 33
24 43
36 35
10 54
33 0
48 41
30 25
52 50
54 1
34 42
45 29
63 33
48 12
0 52
1 15
48 19
55 32
20 40
33 35
17 44
12 53
32 52
13 45
24 36
0 61
44 53
16 31
35 62
15 13
29 24
5 10
45 11
35 2
32 14
31 9
35 2
33 12
25 30
28 44
25 41
15 39
17 3
56 39
10 34
59 29
16 28
38 42
46 58
35 3
28 61
57 18
21 57
52 32
61 12
48 18
18 13
59 21
10 8
14 38
55 49
45 18
54 56
8 13
53 17
53 28
0 18
24 11
39 3
0 37
21 59
42 33
17 16
15 9
17 45
16 22
57 56
4 46
60 19
17 61
26 39
27 0
37 14
44 39
45 51
32 45
40 49
21 37
17 46
32 60
51 5
47 36
57 29
32 8
21 17
4 51
37 0
49 39
32 42
48 5
7 8
21 35
38 34
9 20
42 55
11 25
52 5
42 6
24 52
55 41
59 21
59 35
28 61
28 31
47 12
58 48
25 56
24 34
2 12
54 1
62 0
19 54
55 52
56 45
29 6
10 17
63 5
52 44
7 43
30 18
59 58
33 47
60 47
23 52
9 44
44 41
15 29
12 54
2 43
20 40
25 30
13 56
22 6
51 55
21 41
39 31
40 5
58 30
20 53
36 52
56 9
62 32
27 52
41 7
14 30
57 46
23 16
57 49
22 58
23 14
60 28
5 2
39 34
30 13
37 45
59 35
45 19
42 45
8 38
48 30
36 34
48 45
31 45
8 7
21 40
8 9
22 1
57 49
21 10
40 59
16 29
33 35
26 47
42 6
37 17
52 29
35 17
43 13
54 56
37 9
49 26
37 11
61 18
54 50
27 21
37 32
1 20
9 33
61 21
20 62
10 40
58 37
22 15
15 8
35 20
48 55
8 54
49 56
46 15
16 11
7 50
0 2
58 15
36 31
59 54
53 11
31 54
46 40
1 37
20 36
54 47
45 36
8 47
41 42
7 28
34 41
27 36
21 23
30 51
51 48
50 55
18 58
3 51
26 46
28 12
48 19
40 58
5 59
19 20
52 25
52 20
20 0
58 17
35 13
60 19
60 20
26 36
63 45
61 32
34 9
50 11
5 24
31 8
46 39
32 29
32 60
43 0
46 17
52 29
41 57
19 48
28 48
1 34
20 49
38 39
54 33
3 34
5 62
2 30
25 7
44 9
25 6
50 38
16 18
0 35
25 31
61 29
50 28
53 63
59 14
55 30
8 2
32 50
8 48
7 6
0 9
26 29
48 32
50 25
53 49
54 22
51 9
17 48
21 7
52 20
44 24
28 55
6 49
14 36
32 0
44 11
3 48
14 58
21 56
2 59
20 54
33 53
20 11
32 45
61 55
56 58
35 3
10 5
20 57
52 60
12 53
61 13
8 33
1 6
63 44
49 1
16 27
10 1
29 51
33 54
2 4
6 48
22 0
42 10
51 1
36 26
18 23
12 5
54 15
10 39
59 61
27 34
38 10
24 43
37 34
41 28
63 12
10 58
63 56
33 57
13 54
46 34
30 15
27 10
38 43
0 13
6 29
37 3
4 9
14 20
1 7
24 49
20 57
8 14
37 19
30 41
20 22
33 22
61 54
46 0
26 42
40 34
35 44
45 6
41 29
12 25
50 63
43 60
27 47
11 59
19 15
59 21
1 16
9 63
6 56
28 57
44 60
44 3
55 26
54 32
24 7
32 15
26 11
4 46
28 53
53 23
50 61
44 12
36 31
31 2
30 36
22 25
18 31
54 13
39 54
31 61
27 6
17 53
24 58
46 6
21 48
38 26
52 29
22 58
23 55
45 4
27 53
50 61
56 21
20 53
0 7
33 63
57 5
20 42
32 41
26 12
46 10
4 63
59 17
21 17
33 61
56 21
16 57
7 63
21 30
40 26
3 37
8 3
37 14
36 24
4 35
19 31
30 50
58 32
30 26
16 35
51 22
27 7
9 60
61 0
12 51
45 1
20 9
39 30
12 10
58 40
14 52
1 20
41 56
16 60
29 33
8 48
56 24
58 35
39 38
33 47
6 1
28 16
30 48
61 18
0 18
50 40
16 54
59 19
33 25
14 34
56 55
58 10
32 28
27 56
3 22
16 23
38 37
22 55
45 7
19 36
55 30
45 35
6 58
43 16
29 44
1 49
46 28
35 10
25 33
31 10
0 7
55 15
34 63
44 17
61 34
26 28
28 39
25 40
4 17
13 28
20 48
24 31
0 51
29 45
24 30
61 60
63 37
38 26
61 17
3 6
38 19
27 34
41 12
41 4
49 14
26 4
61 29
5 42
11 38
30 42
60 52
11 5
34 45
11 51
27 28
61 49
40 61
21 56
29 57
52 35
41 53
38 37
33 0
9 19
17 19
5 35
41 32
54 40
19 9
12 22
17 47
40 24
57 1
58 18
61 13
14 49
38 39
46 21
48 25
63 59
19 30
14 27
46 7
8 40
30 59
7 49
19 51
59 34
50 41
42 5
48 56
2 33
19 51
32 11
16 9
17 25
24 27
21 0
40 14
25 60
63 58
45 29
30 42
7 32
58 41
63 30
7 41
38 42
10 12
42 62
58 6
8 25
63 58
51 63
21 18
16 39
11 57
62 42
2 20
24 37
29 11
41 31
23 49
33 26
7 24
47 46
52 57
48 20
20 62
40 58
43 46
39 11
14 4
11 20
59 7
21 44
28 36
2 47
32 5
17 47
34 15
60 14
51 57
38 29
55 21
2 47
37 2
13 7
24 53
0 27
45 22
7 54
62 20
31 57
9 62
24 62
13 36
51 26
41 61
39 51
26 63
61 11
0 10
50 25
48 55
10 3
62 42
28 63
20 16
60 5
10 17
50 47
13 7
29 34
34 15
20 63
22 21
29 7
59 25
5 27
40 35
1 42
23 22
57 27
12 17
45 26
59 0
22 40
62 61
6 29
30 37
3 19
24 56
57 59
13 41
22 4
8 48
6 56
2 50
15 36
24 16
24 57
9 17
59 29
55 17
48 13
45 14
11 7
42 28
47 28
10 28
43 10
23 4
51 28
30 29
40 16
49 31
30 39
14 53
44 28
55 57
57 47
54 55
20 49
58 20
15 63
47 0
43 29
4 38
15 28
1 52
33 6
7 0
41 56
12 48
26 62
5 32
21 10
21 26
44 54
9 27
34 30
7 26
17 23
14 16
10 54
50 19
45 34
7 34
3 18
26 47
55 46
25 63
39 43
24 18
39 7
22 12
48 58
7 60
45 1
54 47
38 37
5 1
5 34
32 61
12 38
45 6
40 14
48 63
46 2
35 27
50 34
14 43
62 14
59 16
13 10
44 0
28 54
59 25
15 46
62 61
62 60
50 30
55 39
47 12
56 27
48 0
46 53
58 60
25 30
49 53
44 53
10 13
57 0
29 57
44 12
51 37
42 47
23 42
62 59
13 17
21 42
3 47
41 50
14 56
2 27
26 12
4 47
0 21
60 23
21 2
0 18
34 5
20 17
51 15
52 5
28 30
5 12
61 26
42 0
41 54
2 50
49 58
58 28
4 12
26 12
6 55
55 52
37 55
17 40
62 46
3 61
26 63
48 43
4 3
30 18
48 35
22 24
13 38
6 21
31 16
4 29
34 51
44 28
32 0
37 4
33 35
12 51
29 30
63 62
31 0
38 53
6 13
31 59
54 20
41 37
31 16
17 18
11 4
15 57
28 20
19 24
33 47
13 14
29 35
27 45
25 15
12 57
2 18
42 49
24 6
59 56
4 14
10 11
9 34
42 41
17 24
40 49
25 41
42 25
15 50
24 53
21 26
41 9
39 20
54 21
38 43
63 47
13 0
63 30
2 45
46 39
34 55
2 32
15 27
11 2
36 35
49 39
49 18
32 27
26 25
24 42
18 12
18 38
61 8
57 36
18 1
44 28
18 39
23 56
33 40
43 22
1 42
24 53
26 10
41 34
24 33
5 17
32 31
53 21
59 25
26 27
18 57
29 12
52 12
2 24
55 52
60 37
11 26
32 39
18 11
63 57
44 47
32 2
54 28
17 21
25 30
54 22
22 42
22 7
57 60
18 50
29 7
10 23
53 40
23 0
29 25
46 55
47 63
63 29
21 31
25 13
35 31
45 37
35 22
37 35
22 61
11 58
41 45
1 15
26 23
30 36
15 35
42 48
55 54
8 42
36 33
46 5
36 22
63 57
49 61
7 51
4 62
20 38
3 57
16 59
55 17
11 6
26 48
29 22
59 35
35 39
17 33
55 36
48 34
42 23
50 0
11 39
11 7
40 47
57 28
1 20
22 4
59 1
19 15
51 47
14 25
2 9
40 4
46 30
56 19
44 33
56 57
16 47
20 23
8 47
0 58
59 47
45 62
47 16
35 48
5 49
46 33
21 30
12 34
39 33
18 43
31 27
63 14
23 2
14 25
61 46
53 21
14 43
57 5
34 28
15 47
13 19
27 29
39 9
38 58
60 12
55 26
6 31
61 54
40 34
29 2
43 2
49 16
34 30
4 36
49 22
14 62
7 33
49 26
52 0
55 33
5 45
30 14
50 26
61 19
59 49
6 4
56 57
62 27
5 51
35 54
33 23
0 15
35 48
15 45
25 26
14 58
9 62
29 3
55 60
61 10
29 32
21 56
61 36
31 5
36 58
1 7
0 41
4 20
43 9
32 0
11 60
16 8
41 23
61 39
16 5
1 37
61 52
26 60
3 38
13 1
9 32
43 41
51 9
44 8
47 49
43 26
55 17
12 3
43 0
35 12
43 48
24 1
9 20
15 35
15 37
50 23
61 41
61 7
34 41
22 20
61 5
35 28
36 6
50 56
17 62
19 40
5 50
15 61
44 32
39 25
23 37
60 42
20 21
46 14
1 18
3 36
56 58
7 15
62 45
11 21
37 1
25 27
63 51
42 12
56 8
4 2
45 18
60 2
53 52
28 53
51 46
63 26
43 52
60 54
40 29
17 22
11 59
60 29
3 0
17 7
50 63
61 36
2 36
2 57
4 57
42 0
54 2
15 28
10 56
57 55
12 35
2 27
17 60
14 3
61 16
4 50
22 62
31 48
5 47
3 56
30 8
46 10
17 51
14 22
63 50
14 61
49 58
26 57
27 35
20 5
15 27
58 16
60 36
14 42
38 24
42 6
17 62
39 13
22 56
39 8
54 43
30 25
5 54
48 52
18 61
38 21
3 27
4 61
11 22
27 25
5 7
28 60
51 1
4 40
49 9
55 36
14 51
55 38
59 10
3 18
19 17
42 11
19 3
9 63
37 3
15 22
0 50
47 16
50 6
30 32
37 32
38 53
54 16
63 8
9 33
14 4
52 59
13 48
40 3
14 8
62 52
14 15
52 44
14 19
50 21
50 43
31 2
1 6
37 54
13 43
26 0
48 15
18 49
54 8
3 52
6 46
43 41
50 51
15 11
47 7
52 17
63 49
52 16
58 32
15 25
3 11
29 36
12 62
24 33
0 16
30 15
49 59
15 52
36 56
42 30
15 57
43 6
49 56
14 18
15 59
36 3
62 52
13 54
35 17
7 59
39 15
9 20
39 59
15 41
26 22
14 20
56 34
54 47
11 45
20 1
48 57
55 60
12 49
41 17
16 4
6 62
28 11
28 23
18 42
14 39
21 28
22 51
11 36
27 14
56 13
5 50
22 23
46 26
49 54
31 41
0 57
22 34
52 41
34 2
31 21
36 59
49 34
3 44
55 7
32 47
8 37
23 15
54 50
14 58
26 50
48 49
35 18
20 38
20 17
54 39
21 24
3 44
8 32
22 54
47 2
55 10
34 28
54 3
43 20
41 7
42 7
46 23
43 38
31 35
29 63
54 20
22 37
14 48
21 5
16 24
50 3
56 44
48 7
13 24
9 19
33 32
44 57
1 13
15 34
29 28
14 63
21 11
35 56
27 47
44 13
15 61
46 61
29 36
60 45
3 49
16 41
33 52
62 21
6 4
53 3
44 9
60 63
51 38
27 23
12 36
42 33
34 46
2 10
16 25
16 47
5 41
51 14
55 61
58 23
7 57
3 2
21 25
26 50
36 18
30 51
45 19
12 40
37 19
59 14
6 33
45 3
52 55
53 28
58 9
4 29
20 22
17 10
49 14
32 29
25 55
43 60
56 35
61 45
52 57
54 55
16 35
1 43
23 43
12 8
50 6
44 61
10 35
6 45
49 23
37 38
56 57
12 38
38 54
27 23
48 12
42 62
19 25
11 49
36 49
45 33
44 53
49 13
56 60
37 3
46 10
62 23
59 29
16 44
63 3
37 58
23 2
38 28
14 54
19 36
20 22
37 26
23 35
12 42
53 21
50 8
47 18
60 3
58 28
7 30
24 42
33 16
41 52
37 36
35 34
38 48
51 19
2 62
52 26
19 5
3 10
49 26
55 27
26 17
63 54
11 33
40 30
63 23
27 36
55 24
1 39
1 4
62 0
40 14
25 23
13 6
29 14
5 8
22 51
12 5
27 9
0 40
21 36
53 16
39 5
44 54
18 9
53 45
58 6
24 58
13 17
26 58
41 0
51 10
54 26
15 27
44 47
2 28
48 50
4 43
33 37
40 24
34 21
31 9
52 41
52 23
13 12
57 61
30 35
38 57
31 60
39 2
20 5
46 0
18 38
17 47
27 36
12 19
26 58
13 48
14 60
57 62
21 0
0 44
56 60
5 48
58 15
53 62
56 30
22 38
21 61
43 6
7 36
16 8
30 39
9 1
27 17
40 42
27 62
4 55
29 24
2 39
44 24
55 54
14 56
43 55
44 36
55 11
5 23
2 1
5 40
6 30
41 48
8 35
53 30
5 56
29 6
61 53
57 49
27 35
34 63
5 46
12 28
14 45
24 49
37 42
53 26
57 53
33 28
61 6
1 2
50 45
9 53
39 43
27 35
54 32
46 9
50 9
62 48
44 40
33 37
3 12
19 23
60 53
43 53
22 2
30 54
1 10
22 54
22 25
7 5
19 40
27 17
57 4
9 33
50 16
0 4
18 0
22 52
13 10
11 43
21 59
31 16
50 52
5 41
48 17
35 8
61 12
45 39
51 41
63 33
37 46
44 61
29 63
7 32
47 33
10 46
34 20
25 63
2 21
29 4
62 34
46 56
35 63
59 20
20 28
37 28
53 14
9 2
3 48
4 14
15 45
22 54
9 26
15 44
47 7
60 47
37 58
51 6
47 63
51 19
51 45
17 42
62 55
6 30
47 33
44 30
5 20
49 46
9 14
36 56
12 3
14 29
55 3
48 2
14 50
6 16
40 18
58 5
35 31
38 19
14 28
12 5
0 30
4 33
47 20
25 48
18 54
21 35
43 47
46 21
18 28
30 45
3 14
0 27
51 60
46 35
44 2
61 19
47 51
6 20
56 5
19 62
1 33
10 7
19 24
57 0
60 54
6 46
46 40
27 36
52 15
32 56
60 22
60 7
50 11
9 3
14 48
42 38
23 32
36 15
9 23
56 54
24 20
30 46
4 43
24 61
11 12
18 11
46 3
27 16
49 26
16 61
13 58
20 30
52 22
52 34
47 16
53 43
24 60
41 2
16 63
63 27
42 48
28 29
34 25
22 28
60 21
40 60
60 32
15 21
22 28
3 5
36 24
24 11
39 53
5 7
60 20
31 55
39 41
41 4
1 16
26 62
9 30
16 22
24 16
5 22
6 40
17 22
4 25
18 37
20 34
55 56
35 57
25 45
38 63
38 10
34 62
48 30
27 16
35 57
18 20
24 23
45 60
60 63
6 10
28 59
2 46
46 56
17 43
22 44
43 16
52 14
16 43
17 34
39 3
6 12
5 47
21 59
33 6
37 18
19 14
29 33
60 49
25 8
41 6
16 62
52 12
12 48
50 59
53 14
34 62
37 34
25 2
27 10
47 52
48 0
13 19
43 55
39 55
24 27
61 5
57 14
13 46
55 41
46 10
21 33
56 62
36 20
8 57
46 49
36 38
8 55
49 2
61 46
18 62
53 51
59 2
40 57
8 30
12 28
18 3
55 5
8 61
49 43
19 38
49 34
26 62
1 15
10 1
58 16
63 20
24 56
0 9
48 36
37 26
29 28
39 32
17 37
28 6
40 13
9 23
52 20
15 18
15 38
60 11
18 22
51 47
49 40
51 8
51 27
55 25
42 33
31 52
50 63
11 24
39 28
6 17
20 50
31 52
10 27
61 27
34 20
37 11
14 56
45 59
12 30
61 55
30 37
56 9
60 30
4 51
12 23
2 4
44 55
48 27
52 8
63 0
19 34
9 29
16 51
44 5
10 24
19 11
57 26
52 3
26 23
34 43
24 21
50 52
58 13
61 22
26 59
2 61
36 45
7 51
37 14
46 38
34 41
50 51
4 13
27 39
35 19
49 10
20 12
41 12
55 34
61 6
2 3
37 6
44 4
1 19
40 10
30 14
42 58
4 25
22 30
42 57
49 35
5 45
9 52
60 7
57 16
0 31
32 7
49 29
62 5
46 6
34 11
2 3
12 56
30 31
32 62
18 50
24 25
28 32
37 23
41 35
34 18
62 16
60 32
56 21
33 28
49 36
46 63
4 15
38 36
19 29
0 37
22 32
63 3
55 57
6 27
39 8
2 16
28 48
35 1
25 41
18 17
36 17
8 54
46 27
55 3
47 39
29 24
57 13
14 50
39 21
26 15
6 44
28 35
39 53
62 22
31 35
42 50
44 40
61 0
0 35
0 35
59 63
21 29
23 56
40 31
2 38
12 11
39 60
46 30
47 40
28 23
18 12
42 63
3 21
10 19
53 4
2 38
45 11
2 63
26 52
52 57
11 47
36 26
51 63
18 38
14 60
39 48
22 59
49 33
16 20
14 41
22 17
29 44
40 39
50 11
55 27
36 44
38 62
6 23
12 61
52 39
51 50
16 8
13 6
28 27
57 53
46 19
39 3
10 8
63 1
13 51
4 12
5 59
63 22
52 16
63 40
22 5
22 37
0 29
26 25
41 63
53 26
10 16
63 58
2 20
13 39
22 23
62 63
10 63
46 63
30 36
33 16
2 9
7 6
5 9
56 61
8 10
9 43
53 1
13 61
62 19
23 7
31 32
42 35
50 30
57 36
34 14
31 41
37 8
20 15
1 48
35 55
15 2
12 24
1 46
41 19
15 8
13 40
2 45
2 54
34 58
20 40
11 24
33 34
39 14
24 22
61 1
28 32
16 10
24 34
51 60
38 17
54 43
53 55
61 33
42 54
17 33
17 52
38 51
12 0
6 62
4 0
48 21
7 2
37 13
29 42
49 36
6 49
61 54
62 36
26 32
12 54
29 47
38 29
21 42
55 43
18 16
10 17
55 5
53 52
30 21
36 26
41 18
4 60
51 38
26 39
56 39
44 58
0 18
49 41
0 21
18 12
27 47
29 36
32 43
10 21
4 47
13 42
5 34
18 11
51 28
18 35
43 13
33 13
34 61
46 33
43 26
1 58
3 26
59 40
5 0
26 24
10 2
48 50
7 1
55 24
23 13
25 16
36 4
12 62
20 13
21 14
6 20
32 62
26 20
54 20
49 0
53 33
47 34
7 43
55 45
