170
46 23
37 13
49 48
7 12
21 40
43 3
34 45
57 8
0 51
59 51
33 32
36 60
28 2
63 46
43 4
36 38
13 53
44 15
22 14
32 50
25 13
7 9
16 46
20 30
42 25
28 8
12 15
1 23
20 23
17 4
41 21
11 39
57 44
4 37
56 36
9 38
28 5
36 56
57 9
38 32
10 46
57 14
61 1
29 23
14 36
39 58
12 62
44 53
34 43
9 23
46 52
55 31
39 48
9 15
30 40
52 23
8 3
52 5
57 5
57 12
48 44
7 23
62 25
56 24
15 8
38 32
11 30
38 31
2 22
23 6
28 25
33 15
61 24
63 24
39 8
57 29
52 15
1 19
45 36
26 1
23 40
48 26
3 50
23 59
10 17
62 34
63 30
56 37
46 45
62 23
23 41
22 63
18 62
12 13
26 15
43 54
40 1
40 23
63 57
5 9
32 6
24 29
44 10
31 46
53 18
9 10
16 32
29 12
53 38
24 9
29 63
32 40
12 7
39 29
18 14
7 50
45 27
11 22
11 54
16 5
14 27
37 6
39 2
0 48
17 24
33 25
56 21
24 53
63 56
37 8
52 50
19 22
17 7
27 23
11 15
10 43
14 46
45 59
35 11
35 55
41 16
6 30
6 50
14 43
10 44
20 54
20 45
11 57
11 61
4 41
22 51
42 55
19 22
15 8
59 33
49 59
0 8
35 57
28 10
20 0
45 24
61 23
42 62
22 21
48 53
43 41
62 0
43 2
29 19
39 18
3620
55 34
31 8
21 45
42 10
34 23
42 18
20 39
12 48
52 8
2 25
21 28
45 42
26 16
51 38
56 40
51 35
62 37
29 3
49 32
58 1
4 20
3 6
34 35
52 33
16 12
55 2
8 46
20 8
19 21
44 38
3 25
37 57
37 61
61 35
6 43
0 25
0 36
7 59
34 13
24 0
63 39
4 30
25 33
53 37
7 34
54 42
61 62
12 4
59 51
20 13
40 0
38 21
33 5
35 23
28 14
25 45
53 20
59 52
59 45
46 54
60 63
51 12
46 28
29 10
61 21
13 17
38 34
53 14
37 42
14 55
13 46
57 17
21 22
5 2
43 0
59 46
36 15
37 32
21 43
6 12
1 18
27 61
5 63
45 6
22 45
15 23
7 26
14 52
13 40
31 7
40 39
39 43
21 12
4 39
62 54
40 52
3 24
49 27
19 27
37 44
52 32
16 5
42 23
60 27
12 16
4 48
26 20
62 21
14 30
17 25
44 46
63 59
56 18
29 43
8 17
20 54
43 35
5 45
8 11
20 44
33 12
5 55
8 12
7 5
36 15
18 12
34 39
24 59
31 51
56 49
40 49
48 7
28 32
58 40
21 6
3 7
45 56
58 45
4 56
62 58
26 14
3 1
11 23
45 12
26 38
2 61
61 13
7 14
34 13
61 59
6 52
54 21
54 51
18 47
47 2
42 34
20 37
21 60
59 60
7 25
40 43
62 46
15 32
7 59
13 31
16 60
37 9
11 5
43 32
27 39
45 54
47 50
24 3
41 10
43 60
57 2
51 49
7 44
49 60
44 60
28 30
17 2
16 14
28 63
22 14
29 28
49 36
2 0
14 53
33 62
49 40
48 63
59 18
62 23
4 10
32 23
31 4
27 47
13 15
29 2
21 37
38 30
8 10
50 53
19 59
27 55
5 12
53 47
63 19
17 63
5 53
58 32
43 35
37 51
2 56
29 6
7 56
13 25
45 9
45 38
44 27
6 2
17 61
41 52
20 37
10 25
18 7
25 38
36 19
10 21
42 29
27 49
53 63
55 30
16 37
63 32
13 24
41 13
24 22
61 52
31 60
1 24
8 61
6 25
45 37
41 34
31 9
13 50
49 22
30 12
34 39
60 27
35 31
58 7
2 60
42 3
38 28
41 53
61 42
8 55
36 12
62 11
6 8
31 9
60 16
28 20
26 6
4 5
53 1
45 41
29 42
9 14
33 57
7 56
52 57
61 18
31 16
42 29
24 26
33 39
40 2
58 14
39 55
25 35
18 36
60 35
59 42
49 26
5 14
37 57
11 14
59 54
9 56
27 32
42 22
58 62
20 37
51 18
28 20
27 42
55 4
49 63
11 18
51 49
48 50
0 37
53 25
23 43
22 29
62 50
14 59
60 29
24 30
40 37
16 57
28 52
47 35
56 60
54 5
7 41
54 59
19 38
45 7
38 52
29 37
56 43
23 12
31 58
30 6
54 7
52 63
22 1
19 29
36 29
18 56
56 5
47 36
44 41
10 27
30 28
6 27
60 40
15 6
57 58
53 36
41 2
58 54
34 15
6 0
9 25
2 54
53 11
8 55
60 37
52 48
19 51
12 27
27 18
59 24
10 50
19 24
17 48
11 42
2 34
37 21
6 9
34 13
0 13
54 39
33 0
1 9
51 34
54 25
35 19
45 43
61 1
60 56
23 49
1 39
58 19
30 23
42 20
60 2
35 31
58 24
13 7
0 21
58 34
3 33
52 33
29 20
49 40
42 63
60 25
2 22
60 16
62 37
40 21
55 12
37 55
0 17
31 54
20 45
13 2
19 32
9 54
59 63
33 35
41 43
19 2
34 62
58 10
59 58
57 22
15 17
35 43
11 40
2 42
25 58
2 40
34 57
13 38
23 43
57 46
27 26
15 6
25 60
43 50
41 27
41 26
61 8
40 32
10 4
49 31
1 40
51 45
59 46
31 23
6 23
61 13
43 18
8 35
6 25
46 36
43 18
32 57
29 32
46 17
61 17
5 19
57 7
49 59
54 27
37 22
26 6
35 49
37 23
18 15
9 25
35 24
16 26
0 16
0 1
27 9
7 16
36 55
8 47
15 5
50 51
10 22
23 49
62 50
11 28
18 36
35 39
34 10
48 22
16 56
10 30
32 48
6 35
58 5
53 26
15 62
37 34
15 8
61 20
34 31
62 1
36 13
52 56
44 42
46 59
59 32
50 30
35 22
30 35
25 33
33 2
27 43
21 35
7 25
10 38
13 29
45 60
54 5
56 17
54 58
0 10
12 36
18 19
63 7
13 59
25 36
54 43
42 55
52 2
31 11
25 40
16 39
27 4
0 17
36 2
41 57
24 51
19 10
21 6
15 30
45 15
41 49
43 28
37 18
29 61
49 44
4 20
30 37
40 25
9 60
9 57
21 19
59 55
52 23
23 45
62 38
25 47
5 60
31 19
27 12
36 2
52 37
44 4
3 27
9 48
18 42
6 12
20 18
11 22
32 54
52 16
37 31
25 16
13 37
59 24
39 37
41 39
4 48
54 16
41 18
34 60
63 23
51 15
11 30
25 43
37 30
37 33
43 39
45 2
34 26
35 10
56 20
60 55
34 30
42 25
11 32
52 14
63 12
36 26
7 58
35 29
51 63
27 37
60 38
25 31
8 19
42 20
40 54
3 0
13 29
12 14
7 54
7 20
12 14
42 38
26 10
14 27
56 63
13 46
48 51
11 28
29 33
29 48
18 38
46 50
30 3
5 3
3 21
26 14
8 41
41 62
54 45
37 19
7 61
20 59
27 48
45 3
4 14
63 31
50 42
49 9
8 4
51 22
20 4
7 57
31 27
45 56
33 11
19 29
44 57
19 20
35 14
41 22
40 45
10 16
20 61
51 37
8 42
52 7
29 15
56 47
6 55
37 4
8 2
15 10
10 8
3 28
38 17
1 48
31 24
40 23
57 35
11 37
44 0
32 1
57 47
54 41
61 31
41 53
6 54
34 12
55 14
31 59
2 59
43 40
43 42
58 13
17 63
34 30
57 54
54 0
56 48
1 18
34 57
27 6
8 34
19 32
26 0
53 56
58 22
24 28
45 56
25 59
20 2
50 11
48 31
14 48
16 12
56 3
35 52
18 46
38 10
51 13
60 16
34 63
47 58
60 17
13 45
22 58
32 56
34 0
39 2
7 33
51 5
13 23
17 14
25 20
27 10
0 4
11 50
14 21
5 14
42 41
1 57
9 16
48 50
22 7
4 43
17 16
0 52
12 36
43 22
33 58
30 21
39 25
30 27
49 55
48 16
3 10
21 52
17 45
55 63
19 21
14 49
17 57
38 46
41 16
10 30
39 19
0 5
50 21
59 18
34 22
19 47
60 12
5 20
1 10
36 6
4 3
20 41
40 63
7 45
14 60
17 37
13 15
53 57
60 62
29 25
44 11
0 60
61 62
50 2
59 16
21 57
24 36
36 9
62 35
24 5
24 63
35 55
0 58
13 27
7 46
31 4
6 11
7 20
58 34
2 30
30 51
32 62
20 28
49 43
24 5
16 23
56 12
52 6
44 13
7 42
0 7
47 16
60 28
2 3
17 61
59 37
38 63
54 45
51 3
60 1
23 24
33 36
5 24
38 13
11 35
24 51
9 50
60 56
9 40
13 24
51 16
9 1
27 49
53 63
31 33
63 43
21 30
6 31
31 17
28 49
34 37
26 46
62 10
25 32
24 39
0 54
7 10
47 34
3 46
37 54
61 28
37 20
22 63
24 10
4 24
6 20
32 42
7 32
33 1
36 33
9 39
38 4
17 18
55 13
25 46
34 24
43 1
33 47
25 55
48 14
55 44
19 45
56 10
56 22
22 6
37 45
55 43
2 42
33 36
18 0
5 34
6 36
13 58
59 61
13 24
12 13
37 21
16 25
35 42
30 54
43 33
18 41
42 41
23 28
34 18
31 19
17 2
38 19
8 3
36 35
43 11
9 18
22 56
24 35
4 45
53 48
18 22
45 21
51 19
34 0
19 40
63 31
24 40
40 37
15 62
34 50
32 61
23 58
16 31
54 29
16 25
58 31
38 39
61 63
49 60
49 52
29 5
18 45
26 40
60 33
34 42
11 26
37 44
52 0
11 52
42 39
46 16
21 58
49 19
8 32
58 43
44 3
15 5
43 11
0 41
17 7
33 19
18 9
60 7
7 61
36 63
16 24
37 10
42 56
55 63
62 37
18 22
14 55
46 44
26 10
23 48
27 47
9 42
17 27
45 34
14 61
23 40
8 42
3 61
8 24
35 48
52 41
37 21
41 27
10 6
8 12
22 34
29 49
22 6
27 22
63 37
51 7
38 27
55 21
20 30
62 54
53 37
47 52
61 53
0 6
31 47
5 11
52 27
61 62
0 37
44 25
33 59
38 5
0 6
27 42
49 22
43 0
17 2
41 15
3 10
10 51
10 31
28 15
51 21
53 46
18 37
39 53
52 37
63 56
33 52
29 38
32 51
15 23
1 6
4 53
4 19
43 36
43 46
42 41
45 42
51 62
18 54
4 33
57 53
28 34
41 12
54 35
62 10
27 40
42 44
51 60
58 9
32 45
16 57
21 46
39 12
32 39
19 24
54 53
7 32
42 34
24 2
7 6
58 44
58 35
5 42
34 19
55 35
56 25
18 2
19 57
1 16
53 35
17 61
28 25
43 17
21 61
36 19
17 60
9 55
54 6
32 36
56 59
6 33
48 51
31 58
20 9
45 49
62 22
47 56
40 56
17 30
26 28
49 61
29 41
39 44
36 62
35 60
39 37
33 9
20 40
54 3
56 46
3 43
60 21
12 29
25 49
53 45
31 58
4 46
7 50
25 34
30 25
9 58
46 47
1 13
8 22
43 14
28 2
51 41
30 57
35 36
56 22
7 4
8 56
42 31
30 22
46 4
26 9
16 17
10 41
43 2
20 49
11 52
13 39
10 20
6 44
34 12
62 1
10 25
1 30
20 15
26 52
20 21
55 28
11 16
20 21
14 55
38 28
50 61
39 14
33 54
8 44
0 27
43 53
58 11
24 2
52 11
42 40
44 45
2 23
46 53
19 5
29 9
14 54
15 18
17 30
1 48
54 39
36 44
42 39
24 53
21 48
16 46
1 25
52 23
37 30
60 19
19 1
18 11
56 32
32 55
50 12
45 3
44 6
17 4
29 59
46 36
29 37
33 28
54 11
11 1
45 43
29 45
17 33
4 44
60 42
47 24
29 23
17 23
20 26
12 6
37 4
8 18
56 3
27 40
17 39
24 53
58 2
45 5
26 3
58 41
63 30
28 24
17 6
47 37
33 36
43 36
20 15
40 30
62 20
28 47
38 18
63 61
19 25
61 57
61 60
32 14
61 7
16 63
10 18
16 19
32 51
56 6
62 35
44 49
22 55
37 54
19 57
43 62
26 58
40 7
40 58
53 40
10 27
29 16
7 37
55 62
31 33
31 58
15 17
5 53
53 18
8 47
18 43
3 24
29 63
49 0
46 8
2 37
51 45
34 59
11 52
16 0
15 48
15 22
5 63
20 40
40 39
9 42
43 58
62 29
56 33
24 55
12 2
1 5
7 39
61 27
23 51
59 36
41 57
40 25
48 36
17 3
41 59
15 27
7 38
18 37
53 21
6 15
5 1
14 31
22 28
48 12
53 54
24 47
48 37
41 15
10 46
28 43
31 21
57 41
1 48
57 32
9 56
58 60
15 35
59 14
8 44
15 35
44 14
49 62
39 38
41 53
58 46
35 56
3 2
13 10
18 55
20 18
32 26
3 35
18 22
30 43
13 63
56 16
11 20
53 9
31 48
19 29
53 30
16 22
23 12
9 5
49 48
35 28
38 53
4 62
14 48
14 12
44 19
58 16
54 43
38 4
15 55
33 7
13 14
63 9
20 46
15 21
19 28
54 43
16 51
43 15
53 31
52 35
47 20
11 50
11 41
60 3
40 28
60 5
24 40
22 6
58 56
50 18
62 11
21 35
9 44
42 58
52 57
30 45
35 48
20 27
47 40
27 51
21 34
33 10
47 61
47 34
62 44
51 61
20 40
60 28
29 37
25 54
61 12
19 15
19 31
29 44
0 53
3 55
20 44
2 45
13 23
31 8
19 32
37 18
5 61
2 0
11 49
24 58
58 30
21 2
44 54
63 49
15 4
38 49
5 47
51 40
34 59
50 58
59 50
60 16
0 59
50 41
26 29
16 63
20 13
30 29
56 46
16 31
23 4
22 29
22 56
13 1
14 35
60 22
46 60
13 7
18 62
7 32
34 56
61 51
32 25
11 52
7 45
5 37
61 43
24 28
34 33
32 51
13 46
31 46
13 35
43 27
60 20
42 35
15 34
18 5
25 26
12 23
37 61
11 63
22 45
13 24
47 32
22 2
7 16
44 31
41 30
63 12
58 62
7 2
22 59
41 38
9 18
55 33
9 17
42 35
40 39
2 14
28 5
48 18
24 40
54 55
19 29
57 48
6 53
39 8
46 28
10 29
62 53
39 42
7 51
14 42
62 45
22 47
47 10
44 34
57 34
61 34
11 39
60 61
1 43
33 61
55 41
0 17
36 5
56 8
0 59
24 32
48 30
8 54
20 26
4 12
29 63
14 36
43 21
34 52
36 19
19 47
30 48
7 45
58 48
19 56
24 56
36 3
63 10
22 6
59 43
26 47
50 30
57 21
56 11
62 44
16 21
45 23
54 36
63 47
33 55
31 10
32 27
11 45
36 35
10 3
43 6
59 24
30 57
4 50
45 6
55 57
37 29
9 3
16 35
5 25
9 20
45 1
22 23
28 45
56 10
20 50
45 40
17 20
17 26
38 37
26 42
60 15
16 34
0 20
60 58
27 51
8 3
24 14
11 22
20 22
46 21
39 5
26 4
9 44
42 47
12 50
40 15
47 13
39 22
9 55
62 5
48 24
20 47
24 9
15 1
51 21
36 32
23 29
21 54
5 58
48 28
26 53
28 54
44 5
14 23
21 6
38 29
17 0
2 38
61 17
39 16
0 20
19 45
32 0
55 27
9 37
45 48
4 19
32 19
49 14
9 29
33 5
54 40
12 54
37 10
10 32
6 17
30 42
15 21
0 8
39 52
43 33
43 45
63 49
63 27
56 48
27 26
12 27
50 5
29 48
15 39
12 36
37 48
28 58
4 23
53 12
37 43
40 47
49 54
31 1
45 12
39 53
35 63
0 10
42 24
11 33
40 7
39 32
21 54
4 20
59 24
39 33
14 12
13 10
9 13
57 14
52 13
63 53
58 53
47 41
3 15
15 53
60 4
17 45
18 61
22 39
51 29
8 38
32 57
5 43
42 40
36 52
58 42
27 38
19 44
50 31
35 2
14 61
41 38
52 23
34 55
63 35
50 30
6 48
27 40
6 53
56 3
53 60
60 23
2 25
37 60
30 40
21 32
13 4
15 21
15 43
52 16
50 60
45 33
49 23
61 16
9 30
10 5
13 7
44 28
24 32
31 7
45 22
46 3
60 52
15 12
11 3
26 29
56 22
1 25
61 14
22 38
27 62
23 10
63 11
11 32
60 33
52 9
19 47
51 50
8 57
50 56
48 10
25 26
4 20
35 45
31 48
17 23
1 34
10 43
28 47
3 6
1 32
33 26
39 19
14 36
29 52
60 42
29 43
16 0
38 25
47 25
8 17
34 51
6 33
14 20
16 39
15 35
40 39
43 63
0 40
39 37
25 54
62 10
34 19
37 24
19 32
36 30
46 48
1 0
44 1
34 29
14 47
7 38
11 42
17 9
0 48
55 57
11 5
51 43
15 45
11 9
45 49
13 46
12 23
35 46
43 45
14 48
36 30
49 40
17 42
9 42
2 12
5 4
51 50
0 12
23 35
7 4
46 20
54 15
10 18
17 37
52 14
14 16
59 54
23 15
19 56
10 33
11 31
61 39
37 61
42 9
29 1
57 26
7 54
24 60
23 50
3 54
19 11
28 52
42 22
56 29
46 53
47 17
50 51
14 42
14 56
14 41
47 30
1 34
38 21
32 1
45 3
22 63
10 32
48 26
29 24
21 39
31 30
9 2
10 61
47 56
28 62
8 6
50 47
2 16
19 41
8 13
22 35
40 13
21 8
35 18
2 41
49 30
13 47
37 23
33 61
13 34
48 31
43 56
25 63
7 13
19 16
58 31
2 31
31 41
34 41
56 2
21 17
51 56
54 33
63 47
16 30
35 31
44 46
14 20
16 26
42 1
62 57
34 43
49 26
53 38
28 46
51 5
15 57
46 58
32 37
51 17
5 7
54 6
59 55
57 16
56 24
12 62
11 29
52 59
36 49
24 59
57 1
54 40
39 32
22 56
24 1
39 54
36 5
50 54
49 58
55 20
54 34
14 4
15 34
19 52
51 10
23 26
57 46
4 3
1 20
2 58
44 42
53 47
31 35
37 62
51 15
24 43
9 15
31 45
54 22
59 36
52 39
49 21
54 49
16 44
47 33
21 25
51 59
26 52
43 23
38 44
44 17
12 48
63 0
7 33
38 17
1 34
62 16
28 61
17 37
43 55
35 2
47 59
13 50
19 18
37 34
17 34
12 46
49 8
40 24
15 5
34 41
22 59
0 17
60 20
62 33
56 37
46 1
12 14
55 8
15 52
22 5
54 15
26 4
58 37
45 41
26 38
21 27
42 62
58 15
19 55
49 53
15 24
50 37
48 28
17 6
5 24
48 38
20 47
5 29
10 23
37 5
36 33
31 58
9 7
61 37
22 27
28 44
34 1
52 31
57 62
35 27
26 11
19 45
23 57
40 27
9 5
53 13
5 17
24 42
23 37
3 62
60 41
45 34
55 31
37 53
32 0
38 48
3 8
1 13
22 61
41 3
43 41
42 26
44 23
19 38
9 25
31 48
11 61
59 44
46 5
14 10
38 48
61 44
60 59
11 60
20 41
46 20
14 57
3 53
45 17
34 47
27 42
43 16
33 40
41 10
61 17
4 39
57 26
31 3
29 8
8 33
42 53
21 0
55 62
2 37
58 62
53 5
7 10
8 31
62 11
58 10
21 58
36 54
1 40
51 22
46 25
48 27
28 54
14 28
40 56
11 39
26 58
57 35
63 0
18 6
33 63
52 19
19 32
27 48
62 18
24 46
29 25
46 56
48 42
21 41
24 43
20 4
54 44
12 48
6 54
40 54
43 40
14 27
5 6
16 56
62 48
13 19
57 7
29 30
38 10
10 29
3 46
30 45
2 34
15 27
37 49
43 54
46 49
59 37
27 19
39 30
8 18
60 7
54 46
22 50
49 5
7 59
11 13
60 4
44 2
56 41
55 2
42 14
16 46
62 41
45 10
28 32
27 40
18 28
59 3
61 40
61 5
59 50
37 50
27 58
47 35
2 51
17 36
8 33
14 34
44 1
45 61
56 2
26 55
16 54
50 34
16 17
3 17
13 12
28 25
29 13
47 58
56 21
7 35
25 54
39 10
42 57
42 38
26 41
32 34
46 50
49 27
48 5
6 22
31 16
59 32
49 54
34 30
61 26
25 57
20 7
12 61
8 53
37 1
21 26
26 28
6 43
4 8
4 33
62 39
31 6
49 60
31 40
16 5
37 63
13 61
36 51
27 5
63 51
51 17
0 5
29 36
10 61
56 20
27 49
24 25
6 29
51 24
42 31
0 10
53 0
2 43
43 47
20 14
21 35
12 41
7 51
17 12
51 31
40 32
35 11
51 37
50 17
50 24
52 15
37 33
7 49
60 41
15 35
10 8
31 60
21 2
41 7
54 11
42 60
46 56
58 32
56 45
8 31
36 20
31 41
13 22
10 14
58 4
46 21
42 44
56 24
45 34
2 7
39 17
1 8
3 46
0 48
23 38
21 6
25 14
28 3
36 42
7 6
47 0
28 11
63 47
5 63
40 6
41 13
39 29
13 52
28 14
12 5
34 61
27 47
34 46
17 21
15 54
61 33
17 10
33 59
46 59
9 36
8 40
27 11
55 10
8 27
24 23
20 14
16 34
28 62
41 28
28 12
54 26
21 4
29 4
41 22
32 29
49 51
0 47
26 55
30 35
21 49
11 52
57 26
50 30
34 26
8 54
37 32
44 42
18 50
21 37
6 2
22 4
8 3
32 13
57 18
55 48
1 21
6 24
39 63
15 31
20 61
38 39
40 53
62 4
56 22
55 3
12 17
29 35
28 57
23 38
16 27
38 6
45 50
7 53
52 14
30 40
46 33
8 61
55 37
23 5
23 13
31 36
26 57
7 14
36 1
15 32
40 34
20 4
55 6
6 58
31 20
4 40
6 34
0 18
22 0
51 25
53 41
4 26
24 35
7 48
43 45
61 62
12 47
15 18
57 21
7 36
12 24
63 37
17 34
1 15
44 16
41 45
37 11
43 40
39 36
29 49
15 53
48 1
18 31
50 45
55 25
61 21
22 1
10 18
57 6
53 63
25 15
30 43
34 1
18 36
39 41
30 11
0 30
16 14
42 48
21 13
48 57
12 1
10 33
3 60
54 9
13 29
36 50
16 47
39 49
21 60
45 33
10 56
55 28
13 2
58 57
2 4
47 37
14 52
38 48
50 38
41 23
20 31
51 59
8 12
0 11
17 35
17 26
8 30
1 22
25 32
62 57
35 21
58 60
38 16
49 50
4 44
30 33
33 37
8 5
24 13
49 8
30 39
42 23
61 43
23 41
44 28
63 60
56 22
12 36
29 2
39 28
14 56
63 36
35 6
6 59
0 56
35 49
34 59
47 16
16 8
49 11
47 42
51 22
44 62
59 19
24 18
11 27
61 62
34 20
13 46
15 52
34 4
35 17
0 2
4 50
28 47
29 57
30 2
33 37
1 18
0 14
21 11
45 21
59 10
13 25
30 28
48 56
21 26
37 29
15 38
51 57
24 3
49 58
1 57
56 52
1 35
31 46
1 61
29 7
12 15
32 6
1 13
22 15
17 25
42 54
16 30
8 6
9 2
32 21
27 59
15 33
5 60
37 46
54 5
34 51
54 5
24 63
33 26
56 28
55 7
14 33
7 16
15 41
41 38
60 58
16 43
60 37
54 3
45 23
51 32
19 17
3 31
27 30
20 8
40 8
13 17
2 54
8 5
5 33
43 50
10 63
42 8
37 53
16 30
63 7
52 0
24 18
6 36
20 60
18 56
15 1
53 31
41 19
33 5
45 42
0 29
32 62
16 25
36 55
8 25
33 43
52 34
53 60
43 49
5 59
46 47
60 3
20 9
6 34
16 3
41 63
63 50
21 49
28 54
52 43
41 28
10 32
18 41
34 57
5 25
20 4
24 37
56 5
50 57
62 54
41 31
58 38
18 6
46 40
13 3
22 30
26 23
59 28
1 41
16 9
46 1
2 59
36 20
6 22
28 34
11 6
60 13
29 34
3 45
61 7
22 63
46 48
42 3
2 52
51 20
19 47
38 45
31 58
21 45
22 53
14 41
43 52
63 45
23 6
33 25
56 3
51 29
17 45
55 16
41 23
23 13
13 32
43 18
27 44
59 2
37 26
37 7
5 63
48 28
25 5
27 41
57 14
10 11
34 36
3 23
43 38
51 35
63 29
40 37
52 28
7 21
7 14
17 39
49 26
55 46
29 39
14 27
21 54
12 50
16 41
0 27
14 56
24 52
63 58
40 31
63 34
21 54
36 16
9 48
49 1
61 27
60 63
32 13
48 0
34 15
28 61
57 55
8 44
26 9
48 31
40 28
14 63
55 62
5 33
42 2
1 53
6 56
27 44
16 26
45 56
29 7
48 47
52 25
62 47
35 27
43 50
45 33
52 26
29 32
13 34
41 20
23 49
6 43
12 11
30 0
27 53
47 15
8 22
43 40
15 11
5 20
42 1
60 9
32 42
20 25
9 21
33 15
58 61
56 39
19 3
28 43
61 32
38 21
44 11
11 62
3 44
42 54
31 17
21 25
30 63
33 47
44 49
53 4
16 8
48 30
21 3
20 9
15 30
50 60
55 54
60 5
56 45
3 61
19 51
13 51
40 0
31 25
23 26
30 36
57 24
47 2
40 14
39 58
41 8
47 20
48 32
47 42
58 26
19 40
41 51
47 55
29 63
14 46
32 44
57 18
38 1
44 57
28 0
51 12
25 9
51 41
52 24
7 58
26 1
60 0
45 22
61 62
15 4
32 62
20 42
10 49
62 53
46 37
21 33
52 32
35 62
41 18
48 26
51 11
48 43
40 3
15 51
49 7
48 49
47 52
62 60
5 18
60 25
10 18
39 51
53 9
46 2
40 12
42 12
45 22
26 48
45 11
27 17
39 62
24 29
56 36
48 25
60 30
29 51
58 6
62 12
49 26
32 3
28 31
28 56
41 24
34 48
24 30
38 45
61 50
47 8
0 30
2 60
34 31
8 30
29 51
12 36
6 51
36 55
42 14
26 36
41 40
43 33
44 55
57 58
36 38
36 60
56 47
34 63
47 2
1 23
4 3
5 58
35 58
26 32
38 8
22 32
0 20
60 9
8 56
44 15
43 17
21 26
17 36
16 9
19 58
30 14
49 20
24 43
55 19
62 50
0 47
32 53
57 48
25 11
4 23
5 15
42 59
62 4
12 62
47 33
18 33
0 19
36 1
61 28
40 62
39 3
11 29
9 8
50 43
53 30
53 45
60 58
53 11
24 54
58 44
4 20
43 51
13 5
17 35
1 17
6 63
13 35
52 57
8 34
21 27
46 25
33 14
19 62
47 36
0 8
58 47
4 58
38 5
57 31
44 28
33 37
3 38
29 54
19 15
61 41
9 16
49 42
36 55
8 47
33 8
16 9
32 4
23 19
50 35
5 0
28 26
50 31
25 59
55 60
53 61
59 19
25 30
2 4
26 60
45 60
0 26
39 58
35 8
38 27
14 31
0 39
30 24
60 38
5 25
59 22
12 8
42 59
60 23
36 6
47 17
10 50
51 18
2 21
15 58
22 56
21 42
38 42
48 8
37 0
30 17
31 39
21 51
2 32
50 20
9 25
7 49
33 61
19 40
56 17
22 54
5 41
30 27
6 62
51 33
9 29
33 58
48 45
27 12
58 46
13 40
23 57
42 3
25 40
35 56
1 2
49 16
54 57
52 49
31 16
36 56
25 33
39 38
40 13
5 19
7 56
16 53
39 43
45 59
29 40
56 26
62 5
58 15
30 6
32 33
28 7
18 38
0 51
34 30
41 33
7 10
31 55
57 20
32 17
4 41
24 15
55 18
31 7
30 37
33 34
60 63
18 57
28 32
37 16
12 19
20 59
26 7
56 36
19 37
28 43
0 42
48 23
24 50
43 21
27 28
59 22
60 41
9 33
60 54
37 28
34 21
45 51
18 55
23 62
4 5
35 4
16 54
44 32
44 62
32 50
27 3
63 22
59 51
2 63
49 16
40 8
46 58
13 53
27 47
43 7
42 2
41 60
14 56
62 4
54 6
5 52
12 47
7 41
49 4
46 40
7 5
55 13
17 18
5 50
21 29
56 51
0 55
0 5
3 30
47 57
56 19
44 47
63 24
33 15
27 33
22 14
43 63
14 33
13 43
8 40
62 54
4 42
15 50
4 25
29 54
28 47
57 53
5 3
55 44
4 1
42 8
30 17
61 10
9 43
29 27
47 40
40 36
45 52
43 51
63 25
26 12
32 7
62 39
33 63
59 13
10 53
40 6
6 14
39 29
20 28
11 24
1 53
59 44
59 61
61 49
3 41
30 17
11 56
62 10
2 39
27 59
47 4
37 15
54 58
49 15
45 18
20 14
27 33
52 21
31 0
36 62
63 56
2 1
63 26
4 56
34 10
51 47
12 8
20 22
17 51
31 16
43 39
8 13
19 0
7 9
51 3
20 46
14 3
20 25
33 25
17 60
5 7
40 31
38 28
60 42
22 37
9 6
27 62
0 51
6 30
45 56
26 6
24 28
55 0
8 4
51 9
47 17
59 17
30 46
47 33
13 15
62 33
63 50
29 61
6 44
26 10
26 52
45 61
17 53
45 10
21 28
55 50
57 11
55 40
40 20
27 24
10 32
48 7
34 56
32 16
23 43
42 31
36 14
4 60
11 33
3 52
24 35
4 42
29 12
17 32
57 35
46 3
34 37
49 35
14 45
15 11
29 1
43 38
8 41
7 50
29 46
26 22
13 15
36 47
18 32
27 7
0 9
23 36
17 60
37 32
57 6
42 30
58 40
41 25
36 16
31 26
4 11
21 7
33 20
4 32
36 33
17 47
3 56
55 51
16 44
32 25
11 41
11 39
24 52
41 39
8 2
33 36
42 39
27 3
24 41
58 6
18 12
55 26
8 21
56 49
42 45
43 49
22 24
5 54
42 55
59 49
58 28
62 59
56 15
62 54
41 62
32 48
17 34
61 2
12 13
50 47
30 54
28 40
2 51
9 44
17 41
0 8
49 40
7 51
61 52
49 46
11 46
59 19
22 43
42 56
29 4
11 32
4 54
26 51
44 23
27 25
5 44
34 55
5 38
62 33
63 6
53 61
29 61
0 8
41 58
46 24
17 14
39 1
30 46
61 37
20 61
27 3
24 61
54 14
5 51
53 59
6 27
54 7
36 7
25 54
17 5
54 3
42 17
50 44
26 0
53 48
44 43
60 20
49 21
14 16
9 1
20 11
54 34
4 8
22 27
1 40
39 55
10 4
10 12
6 42
19 54
41 44
28 20
49 28
40 15
1 45
42 52
43 29
16 27
9 33
13 52
6 12
35 5
11 26
2 37
1 33
54 43
9 42
9 41
6 49
10 21
35 20
11 2
3 17
22 46
14 9
20 5
0 51
60 4
5 42
36 23
2 56
61 37
5 28
15 33
20 29
24 14
16 46
55 0
28 0
30 24
9 37
33 35
8 63
61 48
35 34
6 42
2 32
17 57
30 48
31 13
27 22
21 50
25 2
44 45
9 36
24 20
56 9
17 22
27 26
39 54
33 43
32 23
12 62
44 52
32 13
62 33
54 49
42 52
10 35
61 56
47 53
22 48
60 25
32 48
56 16
4 48
32 34
44 32
45 21
0 34
58 17
17 31
20 22
6 30
7 11
19 26
31 50
35 16
5 28
55 12
60 21
44 23
32 62
15 22
3 2
19 60
13 38
36 27
14 52
20 8
50 52
55 62
25 48
51 44
12 57
0 53
54 63
32 21
17 10
14 1
55 23
61 25
18 12
29 47
51 48
3 49
37 29
0 61
12 38
53 34
48 0
48 36
55 31
13 12
60 38
14 59
33 16
52 7
33 26
49 13
30 48
57 1
17 44
56 18
57 3
21 24
28 23
26 22
35 3
27 9
13 55
39 55
2 20
63 60
38 17
56 26
6 18
23 62
52 3
26 7
59 52
44 60
9 8
5 37
49 40
14 35
19 57
18 63
16 43
62 41
56 22
45 5
28 48
13 11
46 32
2 10
7 27
2 34
28 2
47 54
3 8
21 15
33 39
11 38
3 6
19 23
55 53
11 58
35 49
61 28
37 54
11 3
13 44
0 37
26 20
59 12
62 23
6 19
19 25
5 29
55 37
34 53
10 6
0 24
10 17
32 50
43 58
52 13
42 14
58 16
27 57
55 19
54 30
37 61
18 20
24 52
33 31
15 32
49 42
50 19
63 28
20 60
11 26
30 47
43 12
41 42
46 32
15 36
23 1
49 52
0 38
36 60
9 17
14 57
32 19
20 31
2 30
16 19
39 26
31 3
62 10
37 15
44 29
61 52
9 18
50 58
13 40
62 19
17 12
51 8
6 0
6 49
14 59
35 29
44 33
26 42
48 7
15 10
60 38
38 11
22 11
46 6
38 34
36 24
39 20
47 50
34 36
0 50
54 12
28 48
22 16
52 25
60 35
58 25
61 43
7 47
62 10
8 54
0 48
37 8
15 14
38 39
35 5
12 7
41 9
52 4
37 43
34 50
20 60
0 14
46 18
22 59
4 49
54 6
2 10
33 45
22 15
26 25
55 34
49 47
18 56
15 17
18 27
49 42
42 56
7 48
28 10
57 15
63 22
29 63
30 26
5 25
41 46
56 39
11 46
3 26
18 43
25 54
5 43
10 13
23 38
45 52
10 49
26 18
53 5
28 9
4 42
44 7
58 39
18 50
59 61
48 59
31 11
19 26
34 37
54 2
39 9
54 55
33 2
50 48
52 37
1 20
52 53
43 34
54 40
38 56
60 26
46 58
35 36
23 1
